wav/iwslt2024_bho-hi-1730-20187219553_3.wav	0	9
wav/iwslt2024_bho-hi-1730-20187219553_4.wav	0	7.64
wav/iwslt2024_bho-hi-1730-20187219553_5.wav	0	6.32
wav/iwslt2024_bho-hi-1730-20187219553_6.wav	0	7.48
wav/iwslt2024_bho-hi-1730-20187219553_7.wav	0	7.04
wav/iwslt2024_bho-hi-1730-20187219553_8.wav	0	7.08
wav/iwslt2024_bho-hi-1730-20187219553_9.wav	0	5.84
wav/iwslt2024_bho-hi-1730-20187219553_10.wav	0	4.8
wav/iwslt2024_bho-hi-1730-20187219553_11.wav	0	5.12
wav/iwslt2024_bho-hi-1730-20187219553_12.wav	0	10.04
wav/iwslt2024_bho-hi-1730-20187219553_13.wav	0	7.6
wav/iwslt2024_bho-hi-1730-20187219553_14.wav	0	4.96
wav/iwslt2024_bho-hi-1730-20187219553_15.wav	0	5.8
wav/iwslt2024_bho-hi-1730-20187219553_16.wav	0	7.2
wav/iwslt2024_bho-hi-1730-20187219553_18.wav	0	7.16
wav/iwslt2024_bho-hi-1730-20187219553_19.wav	0	7.44
wav/iwslt2024_bho-hi-1730-20187219553_20.wav	0	7.24
wav/iwslt2024_bho-hi-1730-20187219553_21.wav	0	6.64
wav/iwslt2024_bho-hi-1730-20187219553_22.wav	0	12.96
wav/iwslt2024_bho-hi-1730-20187219553_23.wav	0	9.92
wav/iwslt2024_bho-hi-1730-20187219553_24.wav	0	5.24
wav/iwslt2024_bho-hi-1730-20187219553_26.wav	0	10.44
wav/iwslt2024_bho-hi-1730-20187219553_27.wav	0	4.28
wav/iwslt2024_bho-hi-1730-20187219553_28.wav	0	8.4
wav/iwslt2024_bho-hi-1730-20187219553_29.wav	0	7.08
wav/iwslt2024_bho-hi-1730-20187219553_30.wav	0	5.88
wav/iwslt2024_bho-hi-1730-20187219553_31.wav	0	9.72
wav/iwslt2024_bho-hi-1730-20187219553_32.wav	0	3.16
wav/iwslt2024_bho-hi-1730-20187219553_33.wav	0	14.68
wav/iwslt2024_bho-hi-1730-20187219553_34.wav	0	8.84
wav/iwslt2024_bho-hi-1730-20188131923_6.wav	0	2.64
wav/iwslt2024_bho-hi-1730-20188131923_10.wav	0	1.84
wav/iwslt2024_bho-hi-1730-20188131923_12.wav	0	1.84
wav/iwslt2024_bho-hi-1730-20188131923_19.wav	0	2.88
wav/iwslt2024_bho-hi-1730-20188131923_21.wav	0	2.52
wav/iwslt2024_bho-hi-1730-20188131923_24.wav	0	2.04
wav/iwslt2024_bho-hi-1730-20188131923_25.wav	0	13.16
wav/iwslt2024_bho-hi-1730-20188131923_26.wav	0	2.2
wav/iwslt2024_bho-hi-1730-20188131923_27.wav	0	2.76
wav/iwslt2024_bho-hi-1730-20188131923_32.wav	0	2.08
wav/iwslt2024_bho-hi-1730-20188131923_33.wav	0	2.56
wav/iwslt2024_bho-hi-1730-20188131923_35.wav	0	1.76
wav/iwslt2024_bho-hi-1730-20188131923_38.wav	0	2.52
wav/iwslt2024_bho-hi-1730-20188131923_41.wav	0	1.72
wav/iwslt2024_bho-hi-1730-20188131923_42.wav	0	5.92
wav/iwslt2024_bho-hi-1730-20188131923_44.wav	0	2.28
wav/iwslt2024_bho-hi-1730-20188131923_45.wav	0	1.52
wav/iwslt2024_bho-hi-1730-20188131923_49.wav	0	3.48
wav/iwslt2024_bho-hi-1730-20188131923_50.wav	0	1.76
wav/iwslt2024_bho-hi-1730-20188131923_52.wav	0	5.6
wav/iwslt2024_bho-hi-1730-20188131923_54.wav	0	10.8
wav/iwslt2024_bho-hi-1730-20188131923_55.wav	0	3.4
wav/iwslt2024_bho-hi-1730-20188131923_56.wav	0	2.88
wav/iwslt2024_bho-hi-1730-20188131923_58.wav	0	1.84
wav/iwslt2024_bho-hi-1730-20188131923_61.wav	0	2
wav/iwslt2024_bho-hi-1730-20188131923_62.wav	0	2.28
wav/iwslt2024_bho-hi-1730-20188131923_67.wav	0	3
wav/iwslt2024_bho-hi-1730-20188131923_69.wav	0	2.56
wav/iwslt2024_bho-hi-1730-20188131923_70.wav	0	2.36
wav/iwslt2024_bho-hi-1730-20188131923_74.wav	0	5.36
wav/iwslt2024_bho-hi-1730-20188131923_77.wav	0	2.24
wav/iwslt2024_bho-hi-1730-20188131923_78.wav	0	9.8
wav/iwslt2024_bho-hi-1730-20188131923_79.wav	0	2.8
wav/iwslt2024_bho-hi-1730-20188131923_80.wav	0	2.68
wav/iwslt2024_bho-hi-1730-20188131923_83.wav	0	4.08
wav/iwslt2024_bho-hi-1730-20188131923_85.wav	0	1.6
wav/iwslt2024_bho-hi-1730-20188131923_93.wav	0	1.8
wav/iwslt2024_bho-hi-1730-20188131923_98.wav	0	6.04
wav/iwslt2024_bho-hi-1730-20188131923_100.wav	0	2.08
wav/iwslt2024_bho-hi-1730-20188131923_101.wav	0	1.84
wav/iwslt2024_bho-hi-1730-20188131923_113.wav	0	1.64
wav/iwslt2024_bho-hi-1730-20188131923_120.wav	0	2.4
wav/iwslt2024_bho-hi-1730-20188131923_122.wav	0	1.56
wav/iwslt2024_bho-hi-1730-20188131923_123.wav	0	2.36
wav/iwslt2024_bho-hi-1730-20188131923_124.wav	0	4.76
wav/iwslt2024_bho-hi-1730-20188131923_126.wav	0	2.04
wav/iwslt2024_bho-hi-1730-20188131923_128.wav	0	2.64
wav/iwslt2024_bho-hi-1730-20188131923_130.wav	0	1.96
wav/iwslt2024_bho-hi-1730-20188131923_134.wav	0	2.2
wav/iwslt2024_bho-hi-1730-20188131923_135.wav	0	2.52
wav/iwslt2024_bho-hi-1730-20188131923_141.wav	0	3.2
wav/iwslt2024_bho-hi-1730-20189318414_2.wav	0	2.8
wav/iwslt2024_bho-hi-1730-20189318414_3.wav	0	1.8
wav/iwslt2024_bho-hi-1730-20189318414_4.wav	0	9.36
wav/iwslt2024_bho-hi-1730-20189318414_5.wav	0	2.56
wav/iwslt2024_bho-hi-1730-20189318414_7.wav	0	1.92
wav/iwslt2024_bho-hi-1730-20189318414_8.wav	0	2.16
wav/iwslt2024_bho-hi-1730-20189318414_19.wav	0	2
wav/iwslt2024_bho-hi-1730-20189318414_20.wav	0	2.32
wav/iwslt2024_bho-hi-1730-20189318414_24.wav	0	1.68
wav/iwslt2024_bho-hi-1730-20189318414_26.wav	0	3.08
wav/iwslt2024_bho-hi-1730-20189318414_31.wav	0	2.32
wav/iwslt2024_bho-hi-1730-20189318414_35.wav	0	4
wav/iwslt2024_bho-hi-1730-20189318414_36.wav	0	4.08
wav/iwslt2024_bho-hi-1730-20189318414_39.wav	0	2.68
wav/iwslt2024_bho-hi-1730-20189318414_40.wav	0	1.52
wav/iwslt2024_bho-hi-1730-20189318414_43.wav	0	3.6
wav/iwslt2024_bho-hi-1730-20189318414_51.wav	0	1.72
wav/iwslt2024_bho-hi-1730-20189318414_55.wav	0	5.52
wav/iwslt2024_bho-hi-1730-20189318414_56.wav	0	3.2
wav/iwslt2024_bho-hi-1730-20189318414_57.wav	0	1.88
wav/iwslt2024_bho-hi-1730-20189318414_62.wav	0	1.76
wav/iwslt2024_bho-hi-1730-20189318414_66.wav	0	2.28
wav/iwslt2024_bho-hi-1730-20189318414_69.wav	0	3.08
wav/iwslt2024_bho-hi-1730-20189318414_71.wav	0	3.32
wav/iwslt2024_bho-hi-1730-20189318414_81.wav	0	3.12
wav/iwslt2024_bho-hi-1730-20189318414_82.wav	0	2.52
wav/iwslt2024_bho-hi-1730-20189318414_84.wav	0	4.08
wav/iwslt2024_bho-hi-1730-20189318414_88.wav	0	5.68
wav/iwslt2024_bho-hi-1730-20189318414_89.wav	0	2.16
wav/iwslt2024_bho-hi-1730-20189318414_90.wav	0	9.92
wav/iwslt2024_bho-hi-1730-20189318414_91.wav	0	1.8
wav/iwslt2024_bho-hi-1730-20189318414_92.wav	0	2.64
wav/iwslt2024_bho-hi-1730-20189318414_94.wav	0	1.92
wav/iwslt2024_bho-hi-1730-20189318414_95.wav	0	2.52
wav/iwslt2024_bho-hi-1730-20189318414_101.wav	0	1.72
wav/iwslt2024_bho-hi-1730-20189318414_107.wav	0	1.6
wav/iwslt2024_bho-hi-1730-20189318414_112.wav	0	2.2
wav/iwslt2024_bho-hi-1730-20189318414_124.wav	0	1.84
wav/iwslt2024_bho-hi-1730-20189318414_131.wav	0	2.32
wav/iwslt2024_bho-hi-1730-20189318414_132.wav	0	1.92
wav/iwslt2024_bho-hi-1730-20189318414_133.wav	0	3.16
wav/iwslt2024_bho-hi-1730-20189318414_136.wav	0	2.24
wav/iwslt2024_bho-hi-1730-20189318414_139.wav	0	2.76
wav/iwslt2024_bho-hi-1730-20189318414_141.wav	0	1.72
wav/iwslt2024_bho-hi-1730-20189318414_143.wav	0	2.08
wav/iwslt2024_bho-hi-1730-20189318414_159.wav	0	1.8
wav/iwslt2024_bho-hi-1730-20189719151_1.wav	0	9.56
wav/iwslt2024_bho-hi-1730-20189719151_2.wav	0	10.76
wav/iwslt2024_bho-hi-1730-20189719151_4.wav	0	6.08
wav/iwslt2024_bho-hi-1730-20189719151_5.wav	0	9.12
wav/iwslt2024_bho-hi-1730-20189719151_6.wav	0	10.56
wav/iwslt2024_bho-hi-1730-20189719151_7.wav	0	6.4
wav/iwslt2024_bho-hi-1730-20189719151_8.wav	0	3.8
wav/iwslt2024_bho-hi-1730-20189719151_9.wav	0	8.4
wav/iwslt2024_bho-hi-1730-20189719151_10.wav	0	10.68
wav/iwslt2024_bho-hi-1730-20189719151_12.wav	0	5.8
wav/iwslt2024_bho-hi-1730-20189719151_13.wav	0	10.04
wav/iwslt2024_bho-hi-1730-20189719151_15.wav	0	13.88
wav/iwslt2024_bho-hi-1730-20189719151_16.wav	0	4.88
wav/iwslt2024_bho-hi-1730-20189719151_19.wav	0	11.28
wav/iwslt2024_bho-hi-1730-20189719151_20.wav	0	6.24
wav/iwslt2024_bho-hi-1730-20189719151_21.wav	0	10.12
wav/iwslt2024_bho-hi-1730-20189719151_22.wav	0	6.68
wav/iwslt2024_bho-hi-1730-20189719151_23.wav	0	11.28
wav/iwslt2024_bho-hi-1730-20189719151_24.wav	0	4.96
wav/iwslt2024_bho-hi-1730-20189719151_25.wav	0	11.8
wav/iwslt2024_bho-hi-1730-20191519242_2.wav	0	11
wav/iwslt2024_bho-hi-1730-20191519242_4.wav	0	8.64
wav/iwslt2024_bho-hi-1730-20191519242_5.wav	0	13
wav/iwslt2024_bho-hi-1730-20191519242_7.wav	0	8.52
wav/iwslt2024_bho-hi-1730-20191519242_8.wav	0	6.32
wav/iwslt2024_bho-hi-1730-20191519242_9.wav	0	9.96
wav/iwslt2024_bho-hi-1730-20191519242_10.wav	0	8.48
wav/iwslt2024_bho-hi-1730-20191519242_11.wav	0	7.96
wav/iwslt2024_bho-hi-1730-20191519242_13.wav	0	4.44
wav/iwslt2024_bho-hi-1730-20191519242_14.wav	0	3.92
wav/iwslt2024_bho-hi-1730-20191519242_15.wav	0	10.08
wav/iwslt2024_bho-hi-1730-20191519242_16.wav	0	13.44
wav/iwslt2024_bho-hi-1730-20191519242_17.wav	0	4.84
wav/iwslt2024_bho-hi-1730-20191519242_18.wav	0	5.12
wav/iwslt2024_bho-hi-1730-20191519242_19.wav	0	8.56
wav/iwslt2024_bho-hi-1730-20191519242_20.wav	0	8.28
wav/iwslt2024_bho-hi-1730-20191519242_21.wav	0	3.08
wav/iwslt2024_bho-hi-1730-20191519242_22.wav	0	5.96
wav/iwslt2024_bho-hi-1730-20191519242_23.wav	0	8.16
wav/iwslt2024_bho-hi-1730-20191519242_24.wav	0	13.92
wav/iwslt2024_bho-hi-1730-20191519242_25.wav	0	8.28
wav/iwslt2024_bho-hi-1730-20191519242_26.wav	0	3.92
wav/iwslt2024_bho-hi-1730-20191519242_27.wav	0	5.64
wav/iwslt2024_bho-hi-1730-20191519242_28.wav	0	6.72
wav/iwslt2024_bho-hi-1730-20191519242_29.wav	0	5.96
wav/iwslt2024_bho-hi-1730-20191519242_31.wav	0	3.64
wav/iwslt2024_bho-hi-1730-20191519242_32.wav	0	13.6
wav/iwslt2024_bho-hi-1730-20191718331_1.wav	0	6.28
wav/iwslt2024_bho-hi-1730-20191718331_2.wav	0	12.68
wav/iwslt2024_bho-hi-1730-20191718331_3.wav	0	3.8
wav/iwslt2024_bho-hi-1730-20191718331_4.wav	0	10.4
wav/iwslt2024_bho-hi-1730-20191718331_5.wav	0	13.24
wav/iwslt2024_bho-hi-1730-20191718331_6.wav	0	9.6
wav/iwslt2024_bho-hi-1730-20191718331_7.wav	0	12.52
wav/iwslt2024_bho-hi-1730-20191718331_8.wav	0	10.44
wav/iwslt2024_bho-hi-1730-20191718331_10.wav	0	6.4
wav/iwslt2024_bho-hi-1730-20191718331_11.wav	0	4.68
wav/iwslt2024_bho-hi-1730-20191718331_12.wav	0	7.12
wav/iwslt2024_bho-hi-1730-20191718331_13.wav	0	8.24
wav/iwslt2024_bho-hi-1730-20191718331_14.wav	0	9.16
wav/iwslt2024_bho-hi-1730-20191718331_15.wav	0	5.56
wav/iwslt2024_bho-hi-1730-20191718331_16.wav	0	11.16
wav/iwslt2024_bho-hi-1730-20191718331_17.wav	0	9.52
wav/iwslt2024_bho-hi-1730-20191718331_18.wav	0	9.4
wav/iwslt2024_bho-hi-1730-20191718331_19.wav	0	7.04
wav/iwslt2024_bho-hi-1730-20191718331_20.wav	0	12.84
wav/iwslt2024_bho-hi-1730-20191718331_21.wav	0	7.88
wav/iwslt2024_bho-hi-1730-20191718331_22.wav	0	7.96
wav/iwslt2024_bho-hi-1730-20191718331_24.wav	0	2.44
wav/iwslt2024_bho-hi-1730-20191718331_25.wav	0	2.4
wav/iwslt2024_bho-hi-1730-20191718331_26.wav	0	2.48
wav/iwslt2024_bho-hi-1730-20191718331_27.wav	0	4
wav/iwslt2024_bho-hi-1730-20191718331_28.wav	0	4.76
wav/iwslt2024_bho-hi-1730-20191718331_29.wav	0	4.6
wav/iwslt2024_bho-hi-1730-20191718331_30.wav	0	8.56
wav/iwslt2024_bho-hi-1730-20191920058_1.wav	0	6.92
wav/iwslt2024_bho-hi-1730-20191920058_2.wav	0	4.04
wav/iwslt2024_bho-hi-1730-20191920058_3.wav	0	8
wav/iwslt2024_bho-hi-1730-20191920058_4.wav	0	6.12
wav/iwslt2024_bho-hi-1730-20191920058_5.wav	0	11.24
wav/iwslt2024_bho-hi-1730-20191920058_6.wav	0	8.48
wav/iwslt2024_bho-hi-1730-20191920058_7.wav	0	12.72
wav/iwslt2024_bho-hi-1730-20191920058_8.wav	0	7.76
wav/iwslt2024_bho-hi-1730-20191920058_9.wav	0	7.48
wav/iwslt2024_bho-hi-1730-20191920058_10.wav	0	7.36
wav/iwslt2024_bho-hi-1730-20191920058_11.wav	0	6.8
wav/iwslt2024_bho-hi-1730-20191920058_12.wav	0	12.24
wav/iwslt2024_bho-hi-1730-20191920058_13.wav	0	10.12
wav/iwslt2024_bho-hi-1730-20191920058_14.wav	0	3.96
wav/iwslt2024_bho-hi-1730-20191920058_15.wav	0	8.76
wav/iwslt2024_bho-hi-1730-20191920058_16.wav	0	2.68
wav/iwslt2024_bho-hi-1730-20191920058_17.wav	0	7.6
wav/iwslt2024_bho-hi-1730-20191920058_19.wav	0	11.08
wav/iwslt2024_bho-hi-1730-20191920058_20.wav	0	8
wav/iwslt2024_bho-hi-1730-20191920058_21.wav	0	6.52
wav/iwslt2024_bho-hi-1730-20191920058_22.wav	0	9.84
wav/iwslt2024_bho-hi-1730-20191920058_23.wav	0	9.48
wav/iwslt2024_bho-hi-1730-20191920058_24.wav	0	10.52
wav/iwslt2024_bho-hi-1730-20191920058_25.wav	0	6.68
wav/iwslt2024_bho-hi-1730-20191920058_26.wav	0	8
wav/iwslt2024_bho-hi-1730-20191920058_27.wav	0	7.8
wav/iwslt2024_bho-hi-1730-20191920058_28.wav	0	5.68
wav/iwslt2024_bho-hi-1730-20191920058_29.wav	0	9.32
wav/iwslt2024_bho-hi-1730-20191920058_30.wav	0	5.2
wav/iwslt2024_bho-hi-1730-20191920058_31.wav	0	3.52
wav/iwslt2024_bho-hi-1730-20191920058_33.wav	0	11.24
wav/iwslt2024_bho-hi-1730-20192101974_1.wav	0	9.96
wav/iwslt2024_bho-hi-1730-20192101974_2.wav	0	14.36
wav/iwslt2024_bho-hi-1730-20192101974_3.wav	0	2.28
wav/iwslt2024_bho-hi-1730-20192101974_4.wav	0	3.76
wav/iwslt2024_bho-hi-1730-20192101974_5.wav	0	10.68
wav/iwslt2024_bho-hi-1730-20192101974_6.wav	0	6.4
wav/iwslt2024_bho-hi-1730-20192101974_7.wav	0	12.6
wav/iwslt2024_bho-hi-1730-20192101974_8.wav	0	7.24
wav/iwslt2024_bho-hi-1730-20192101974_9.wav	0	6
wav/iwslt2024_bho-hi-1730-20192101974_10.wav	0	10.12
wav/iwslt2024_bho-hi-1730-20192101974_11.wav	0	5.68
wav/iwslt2024_bho-hi-1730-20192101974_12.wav	0	5.72
wav/iwslt2024_bho-hi-1730-20192101974_13.wav	0	6.4
wav/iwslt2024_bho-hi-1730-20192101974_14.wav	0	14.16
wav/iwslt2024_bho-hi-1730-20192101974_15.wav	0	7.08
wav/iwslt2024_bho-hi-1730-20192101974_16.wav	0	8.8
wav/iwslt2024_bho-hi-1730-20192101974_17.wav	0	4.16
wav/iwslt2024_bho-hi-1730-20192101974_18.wav	0	2.2
wav/iwslt2024_bho-hi-1730-20192101974_19.wav	0	13.6
wav/iwslt2024_bho-hi-1730-20192101974_20.wav	0	6.8
wav/iwslt2024_bho-hi-1730-20192101974_21.wav	0	8.8
wav/iwslt2024_bho-hi-1730-20192101974_22.wav	0	9.28
wav/iwslt2024_bho-hi-1730-20192101974_23.wav	0	1.84
wav/iwslt2024_bho-hi-1730-20192101974_24.wav	0	5.36
wav/iwslt2024_bho-hi-1730-20192101974_25.wav	0	8.12
wav/iwslt2024_bho-hi-1730-20192101974_26.wav	0	7.52
wav/iwslt2024_bho-hi-1730-20192101974_27.wav	0	9.56
wav/iwslt2024_bho-hi-1730-20192101974_28.wav	0	6.48
wav/iwslt2024_bho-hi-1730-20192101974_29.wav	0	4.6
wav/iwslt2024_bho-hi-1730-20192101974_30.wav	0	2.44
wav/iwslt2024_bho-hi-1730-20192101974_31.wav	0	5.12
wav/iwslt2024_bho-hi-1730-20192101974_32.wav	0	3.56
wav/iwslt2024_bho-hi-1730-20192101974_33.wav	0	6.44
wav/iwslt2024_bho-hi-1730-20192101974_34.wav	0	4.92
wav/iwslt2024_bho-hi-1730-20192101974_35.wav	0	7.76
wav/iwslt2024_bho-hi-1730-20192101974_36.wav	0	5.08
wav/iwslt2024_bho-hi-1730-20192101974_37.wav	0	6
wav/iwslt2024_bho-hi-1730-20192101974_38.wav	0	4.2
wav/iwslt2024_bho-hi-1730-20192101974_39.wav	0	4.24
wav/iwslt2024_bho-hi-1730-20192101974_40.wav	0	5.44
wav/iwslt2024_bho-hi-1730-20192101974_41.wav	0	3.2
wav/iwslt2024_bho-hi-1730-20192101974_42.wav	0	4.76
wav/iwslt2024_bho-hi-1730-20192219232_1.wav	0	9
wav/iwslt2024_bho-hi-1730-20192219232_2.wav	0	4.92
wav/iwslt2024_bho-hi-1730-20192219232_3.wav	0	11.52
wav/iwslt2024_bho-hi-1730-20192219232_4.wav	0	10.52
wav/iwslt2024_bho-hi-1730-20192219232_5.wav	0	7.08
wav/iwslt2024_bho-hi-1730-20192219232_6.wav	0	10.84
wav/iwslt2024_bho-hi-1730-20192219232_8.wav	0	7.84
wav/iwslt2024_bho-hi-1730-20192219232_9.wav	0	9.36
wav/iwslt2024_bho-hi-1730-20192219232_10.wav	0	7.2
wav/iwslt2024_bho-hi-1730-20192219232_11.wav	0	8
wav/iwslt2024_bho-hi-1730-20192219232_12.wav	0	8.32
wav/iwslt2024_bho-hi-1730-20192219232_13.wav	0	4.56
wav/iwslt2024_bho-hi-1730-20192219232_14.wav	0	3.28
wav/iwslt2024_bho-hi-1730-20192219232_15.wav	0	4.56
wav/iwslt2024_bho-hi-1730-20192219232_16.wav	0	12.6
wav/iwslt2024_bho-hi-1730-20192219232_17.wav	0	4.8
wav/iwslt2024_bho-hi-1730-20192219232_18.wav	0	3.52
wav/iwslt2024_bho-hi-1730-20192219232_19.wav	0	7.4
wav/iwslt2024_bho-hi-1730-20192219232_20.wav	0	7.72
wav/iwslt2024_bho-hi-1730-20192219232_21.wav	0	10.92
wav/iwslt2024_bho-hi-1730-20192219232_23.wav	0	14.08
wav/iwslt2024_bho-hi-1730-20192219232_24.wav	0	5.88
wav/iwslt2024_bho-hi-1730-20192219232_25.wav	0	5.52
wav/iwslt2024_bho-hi-1730-20192219232_26.wav	0	8.6
wav/iwslt2024_bho-hi-1730-20192219232_27.wav	0	8.84
wav/iwslt2024_bho-hi-1730-20192219232_28.wav	0	7.2
wav/iwslt2024_bho-hi-1730-20192519451_1.wav	0	6.16
wav/iwslt2024_bho-hi-1730-20192519451_2.wav	0	5.48
wav/iwslt2024_bho-hi-1730-20192519451_5.wav	0	10.4
wav/iwslt2024_bho-hi-1730-20192519451_7.wav	0	6
wav/iwslt2024_bho-hi-1730-20192519451_8.wav	0	6.72
wav/iwslt2024_bho-hi-1730-20192519451_9.wav	0	4.92
wav/iwslt2024_bho-hi-1730-20192519451_10.wav	0	8.28
wav/iwslt2024_bho-hi-1730-20192519451_12.wav	0	9.68
wav/iwslt2024_bho-hi-1730-20192519451_13.wav	0	5.72
wav/iwslt2024_bho-hi-1730-20192519451_14.wav	0	12.68
wav/iwslt2024_bho-hi-1730-20192519451_15.wav	0	9.48
wav/iwslt2024_bho-hi-1730-20192519451_16.wav	0	8.88
wav/iwslt2024_bho-hi-1730-20192519451_17.wav	0	12.56
wav/iwslt2024_bho-hi-1730-20192519451_18.wav	0	8.88
wav/iwslt2024_bho-hi-1730-20192519451_19.wav	0	7
wav/iwslt2024_bho-hi-1730-20192519451_20.wav	0	12.44
wav/iwslt2024_bho-hi-1730-20192519451_21.wav	0	8.56
wav/iwslt2024_bho-hi-1730-20192519451_22.wav	0	12.28
wav/iwslt2024_bho-hi-1730-20192519451_23.wav	0	7.44
wav/iwslt2024_bho-hi-1730-20192519451_24.wav	0	6.12
wav/iwslt2024_bho-hi-1730-20192519451_25.wav	0	5.2
wav/iwslt2024_bho-hi-1730-20192519451_26.wav	0	12.72
wav/iwslt2024_bho-hi-1730-20192719258_1.wav	0	14.16
wav/iwslt2024_bho-hi-1730-20192719258_2.wav	0	10.92
wav/iwslt2024_bho-hi-1730-20192719258_3.wav	0	8.08
wav/iwslt2024_bho-hi-1730-20192719258_4.wav	0	11.28
wav/iwslt2024_bho-hi-1730-20192719258_6.wav	0	6.72
wav/iwslt2024_bho-hi-1730-20192719258_7.wav	0	12.12
wav/iwslt2024_bho-hi-1730-20192719258_8.wav	0	8.52
wav/iwslt2024_bho-hi-1730-20192719258_10.wav	0	7.76
wav/iwslt2024_bho-hi-1730-20192719258_11.wav	0	6.24
wav/iwslt2024_bho-hi-1730-20192719258_12.wav	0	9.08
wav/iwslt2024_bho-hi-1730-20192719258_13.wav	0	4.44
wav/iwslt2024_bho-hi-1730-20192719258_14.wav	0	3.36
wav/iwslt2024_bho-hi-1730-20192719258_16.wav	0	4.88
wav/iwslt2024_bho-hi-1730-20192719258_19.wav	0	13.2
wav/iwslt2024_bho-hi-1730-20192719258_20.wav	0	7.2
wav/iwslt2024_bho-hi-1730-20192719258_21.wav	0	6.8
wav/iwslt2024_bho-hi-1730-20192719258_22.wav	0	4.2
wav/iwslt2024_bho-hi-1730-20192719258_23.wav	0	10.4
wav/iwslt2024_bho-hi-1730-20192719258_24.wav	0	8.16
wav/iwslt2024_bho-hi-1730-20192719258_25.wav	0	8.4
wav/iwslt2024_bho-hi-1730-20192719258_26.wav	0	9.08
wav/iwslt2024_bho-hi-1730-20192719258_27.wav	0	6
wav/iwslt2024_bho-hi-1730-20192719258_28.wav	0	7.6
wav/iwslt2024_bho-hi-1730-20192719258_29.wav	0	3.12
wav/iwslt2024_bho-hi-1730-20192919434_1.wav	0	9.2
wav/iwslt2024_bho-hi-1730-20192919434_2.wav	0	2.68
wav/iwslt2024_bho-hi-1730-20192919434_4.wav	0	8.2
wav/iwslt2024_bho-hi-1730-20192919434_5.wav	0	6.84
wav/iwslt2024_bho-hi-1730-20192919434_6.wav	0	8.28
wav/iwslt2024_bho-hi-1730-20192919434_7.wav	0	13.08
wav/iwslt2024_bho-hi-1730-20192919434_8.wav	0	4.96
wav/iwslt2024_bho-hi-1730-20192919434_9.wav	0	11.8
wav/iwslt2024_bho-hi-1730-20192919434_10.wav	0	5.2
wav/iwslt2024_bho-hi-1730-20192919434_11.wav	0	12.36
wav/iwslt2024_bho-hi-1730-20192919434_12.wav	0	9.08
wav/iwslt2024_bho-hi-1730-20192919434_13.wav	0	9.88
wav/iwslt2024_bho-hi-1730-20192919434_14.wav	0	11.84
wav/iwslt2024_bho-hi-1730-20192919434_15.wav	0	6.56
wav/iwslt2024_bho-hi-1730-20192919434_16.wav	0	8
wav/iwslt2024_bho-hi-1730-20192919434_17.wav	0	7.88
wav/iwslt2024_bho-hi-1730-20192919434_18.wav	0	6.8
wav/iwslt2024_bho-hi-1730-20192919434_19.wav	0	9
wav/iwslt2024_bho-hi-1730-20192919434_20.wav	0	7.12
wav/iwslt2024_bho-hi-1730-20192919434_21.wav	0	9.44
wav/iwslt2024_bho-hi-1730-20192919434_22.wav	0	10.6
wav/iwslt2024_bho-hi-1730-20192919434_23.wav	0	6.56
wav/iwslt2024_bho-hi-1730-20192919434_24.wav	0	7.72
wav/iwslt2024_bho-hi-1730-20192919434_25.wav	0	10.16
wav/iwslt2024_bho-hi-1730-20192919434_26.wav	0	4.72
wav/iwslt2024_bho-hi-1730-20192919434_27.wav	0	11.68
wav/iwslt2024_bho-hi-1730-20192919434_28.wav	0	5.48
wav/iwslt2024_bho-hi-1730-20192919434_29.wav	0	2.12
wav/iwslt2024_bho-hi-1730-20192919434_30.wav	0	3.64
wav/iwslt2024_bho-hi-1730-20192919434_31.wav	0	2.6
wav/iwslt2024_bho-hi-1730-20192919434_32.wav	0	7.96
wav/iwslt2024_bho-hi-1730-20192919434_33.wav	0	10.52
wav/iwslt2024_bho-hi-1730-20192919434_34.wav	0	7.84
wav/iwslt2024_bho-hi-1730-20192919434_35.wav	0	6
wav/iwslt2024_bho-hi-1730-20192919434_36.wav	0	7.04
wav/iwslt2024_bho-hi-1730-20193519364_2.wav	0	8.04
wav/iwslt2024_bho-hi-1730-20193519364_3.wav	0	8.92
wav/iwslt2024_bho-hi-1730-20193519364_4.wav	0	4.04
wav/iwslt2024_bho-hi-1730-20193519364_5.wav	0	9.36
wav/iwslt2024_bho-hi-1730-20193519364_6.wav	0	6.16
wav/iwslt2024_bho-hi-1730-20193519364_7.wav	0	8.68
wav/iwslt2024_bho-hi-1730-20193519364_8.wav	0	9.44
wav/iwslt2024_bho-hi-1730-20193519364_9.wav	0	7.36
wav/iwslt2024_bho-hi-1730-20193519364_10.wav	0	7.08
wav/iwslt2024_bho-hi-1730-20193519364_11.wav	0	4.88
wav/iwslt2024_bho-hi-1730-20193519364_12.wav	0	6.24
wav/iwslt2024_bho-hi-1730-20193519364_13.wav	0	5.92
wav/iwslt2024_bho-hi-1730-20193519364_14.wav	0	6.56
wav/iwslt2024_bho-hi-1730-20193519364_16.wav	0	5.12
wav/iwslt2024_bho-hi-1730-20193519364_17.wav	0	6.24
wav/iwslt2024_bho-hi-1730-20193519364_18.wav	0	10.28
wav/iwslt2024_bho-hi-1730-20193519364_19.wav	0	6
wav/iwslt2024_bho-hi-1730-20193519364_20.wav	0	7.28
wav/iwslt2024_bho-hi-1730-20193519364_21.wav	0	13.56
wav/iwslt2024_bho-hi-1730-20193519364_22.wav	0	5.84
wav/iwslt2024_bho-hi-1730-20193519364_23.wav	0	1.96
wav/iwslt2024_bho-hi-1730-20193519364_24.wav	0	7.72
wav/iwslt2024_bho-hi-1730-20193519364_26.wav	0	9.8
wav/iwslt2024_bho-hi-1730-20193519364_27.wav	0	5.52
wav/iwslt2024_bho-hi-1730-20193519364_28.wav	0	7.76
wav/iwslt2024_bho-hi-1730-20193519364_29.wav	0	10.2
wav/iwslt2024_bho-hi-1730-20193519364_30.wav	0	10.4
wav/iwslt2024_bho-hi-1730-20193519364_31.wav	0	6.28
wav/iwslt2024_bho-hi-1730-20193519364_32.wav	0	6.6
wav/iwslt2024_bho-hi-1730-20193519364_33.wav	0	7.8
wav/iwslt2024_bho-hi-1730-20194118502_1.wav	0	7.2
wav/iwslt2024_bho-hi-1730-20194118502_2.wav	0	5
wav/iwslt2024_bho-hi-1730-20194118502_3.wav	0	3
wav/iwslt2024_bho-hi-1730-20194118502_4.wav	0	7.32
wav/iwslt2024_bho-hi-1730-20194118502_6.wav	0	4.96
wav/iwslt2024_bho-hi-1730-20194118502_8.wav	0	5.04
wav/iwslt2024_bho-hi-1730-20194118502_9.wav	0	2.04
wav/iwslt2024_bho-hi-1730-20194118502_10.wav	0	3.8
wav/iwslt2024_bho-hi-1730-20194118502_11.wav	0	2.28
wav/iwslt2024_bho-hi-1730-20194118502_12.wav	0	5.36
wav/iwslt2024_bho-hi-1730-20194118502_13.wav	0	9.28
wav/iwslt2024_bho-hi-1730-20194118502_14.wav	0	11.56
wav/iwslt2024_bho-hi-1730-20194118502_15.wav	0	4.2
wav/iwslt2024_bho-hi-1730-20194118502_16.wav	0	4.68
wav/iwslt2024_bho-hi-1730-20194118502_17.wav	0	5.2
wav/iwslt2024_bho-hi-1730-20194118502_18.wav	0	3.12
wav/iwslt2024_bho-hi-1730-20194118502_19.wav	0	6.24
wav/iwslt2024_bho-hi-1730-20194118502_21.wav	0	5.36
wav/iwslt2024_bho-hi-1730-20194118502_22.wav	0	10.24
wav/iwslt2024_bho-hi-1730-20194118502_23.wav	0	11.84
wav/iwslt2024_bho-hi-1730-20194118502_24.wav	0	5.52
wav/iwslt2024_bho-hi-1730-20194118502_26.wav	0	8.96
wav/iwslt2024_bho-hi-1730-20194118502_27.wav	0	6.76
wav/iwslt2024_bho-hi-1730-20194118502_28.wav	0	14.2
wav/iwslt2024_bho-hi-1730-20194118502_29.wav	0	10.64
wav/iwslt2024_bho-hi-1730-20194118502_30.wav	0	5.36
wav/iwslt2024_bho-hi-1730-20194118502_31.wav	0	10.12
wav/iwslt2024_bho-hi-1730-20194118502_32.wav	0	7.72
wav/iwslt2024_bho-hi-1730-20194118502_33.wav	0	7.8
wav/iwslt2024_bho-hi-1730-20194219342_1.wav	0	3.56
wav/iwslt2024_bho-hi-1730-20194219342_2.wav	0	5.08
wav/iwslt2024_bho-hi-1730-20194219342_3.wav	0	3.64
wav/iwslt2024_bho-hi-1730-20194219342_4.wav	0	9
wav/iwslt2024_bho-hi-1730-20194219342_5.wav	0	10.2
wav/iwslt2024_bho-hi-1730-20194219342_6.wav	0	8.6
wav/iwslt2024_bho-hi-1730-20194219342_7.wav	0	6.56
wav/iwslt2024_bho-hi-1730-20194219342_8.wav	0	5.96
wav/iwslt2024_bho-hi-1730-20194219342_9.wav	0	13.52
wav/iwslt2024_bho-hi-1730-20194219342_10.wav	0	3.8
wav/iwslt2024_bho-hi-1730-20194219342_11.wav	0	5.16
wav/iwslt2024_bho-hi-1730-20194219342_12.wav	0	11.72
wav/iwslt2024_bho-hi-1730-20194219342_13.wav	0	4.12
wav/iwslt2024_bho-hi-1730-20194219342_14.wav	0	10.44
wav/iwslt2024_bho-hi-1730-20194219342_15.wav	0	9.36
wav/iwslt2024_bho-hi-1730-20194219342_16.wav	0	6.64
wav/iwslt2024_bho-hi-1730-20194219342_17.wav	0	11.52
wav/iwslt2024_bho-hi-1730-20194219342_18.wav	0	8.64
wav/iwslt2024_bho-hi-1730-20194219342_19.wav	0	9.84
wav/iwslt2024_bho-hi-1730-20194219342_20.wav	0	8.36
wav/iwslt2024_bho-hi-1730-20194219342_21.wav	0	5.56
wav/iwslt2024_bho-hi-1730-20194219342_22.wav	0	6.36
wav/iwslt2024_bho-hi-1730-20194219342_23.wav	0	6.52
wav/iwslt2024_bho-hi-1730-20194219342_24.wav	0	8.52
wav/iwslt2024_bho-hi-1730-20194219342_25.wav	0	6.16
wav/iwslt2024_bho-hi-1730-20194219342_26.wav	0	9.08
wav/iwslt2024_bho-hi-1730-20194219342_27.wav	0	9.44
wav/iwslt2024_bho-hi-1730-20194219342_28.wav	0	13.72
wav/iwslt2024_bho-hi-1730-20194219342_29.wav	0	3.2
wav/iwslt2024_bho-hi-1730-20194219342_30.wav	0	5.16
wav/iwslt2024_bho-hi-1730-20194219342_31.wav	0	6
wav/iwslt2024_bho-hi-1730-20194219342_32.wav	0	4.32
wav/iwslt2024_bho-hi-1730-20194219342_33.wav	0	9.2
wav/iwslt2024_bho-hi-1730-20194618535_1.wav	0	3.52
wav/iwslt2024_bho-hi-1730-20194618535_2.wav	0	7.52
wav/iwslt2024_bho-hi-1730-20194618535_3.wav	0	5.68
wav/iwslt2024_bho-hi-1730-20194618535_4.wav	0	10.36
wav/iwslt2024_bho-hi-1730-20194618535_5.wav	0	6.32
wav/iwslt2024_bho-hi-1730-20194618535_6.wav	0	8.56
wav/iwslt2024_bho-hi-1730-20194618535_7.wav	0	8.6
wav/iwslt2024_bho-hi-1730-20194618535_8.wav	0	9.44
wav/iwslt2024_bho-hi-1730-20194618535_9.wav	0	7.52
wav/iwslt2024_bho-hi-1730-20194618535_10.wav	0	6.44
wav/iwslt2024_bho-hi-1730-20194618535_11.wav	0	3.4
wav/iwslt2024_bho-hi-1730-20194618535_12.wav	0	6.64
wav/iwslt2024_bho-hi-1730-20194618535_13.wav	0	4
wav/iwslt2024_bho-hi-1730-20194618535_14.wav	0	9.04
wav/iwslt2024_bho-hi-1730-20194618535_15.wav	0	10.6
wav/iwslt2024_bho-hi-1730-20194618535_16.wav	0	5.6
wav/iwslt2024_bho-hi-1730-20194618535_17.wav	0	6.72
wav/iwslt2024_bho-hi-1730-20194618535_18.wav	0	6.08
wav/iwslt2024_bho-hi-1730-20194618535_19.wav	0	7.8
wav/iwslt2024_bho-hi-1730-20194618535_20.wav	0	12.52
wav/iwslt2024_bho-hi-1730-20194618535_21.wav	0	8.4
wav/iwslt2024_bho-hi-1730-20194618535_22.wav	0	3.68
wav/iwslt2024_bho-hi-1730-20194618535_23.wav	0	6.4
wav/iwslt2024_bho-hi-1730-20194618535_24.wav	0	3.32
wav/iwslt2024_bho-hi-1730-20194618535_25.wav	0	5.2
wav/iwslt2024_bho-hi-1730-20194618535_26.wav	0	5.28
wav/iwslt2024_bho-hi-1730-20194618535_27.wav	0	2.6
wav/iwslt2024_bho-hi-1730-20194618535_28.wav	0	6
wav/iwslt2024_bho-hi-1730-20194618535_29.wav	0	2.6
wav/iwslt2024_bho-hi-1730-20194618535_30.wav	0	4.8
wav/iwslt2024_bho-hi-1730-20194618535_31.wav	0	4.24
wav/iwslt2024_bho-hi-1730-20194618535_32.wav	0	2.96
wav/iwslt2024_bho-hi-1730-20194618535_33.wav	0	8.12
wav/iwslt2024_bho-hi-1730-20194618535_34.wav	0	3.28
wav/iwslt2024_bho-hi-1730-20194618535_35.wav	0	6.36
wav/iwslt2024_bho-hi-1730-20194618535_36.wav	0	5.8
wav/iwslt2024_bho-hi-1730-20194618535_37.wav	0	6.16
wav/iwslt2024_bho-hi-1730-20194618535_38.wav	0	4.04
wav/iwslt2024_bho-hi-1730-20194618535_39.wav	0	3.64
wav/iwslt2024_bho-hi-1730-20194618535_40.wav	0	5.32
wav/iwslt2024_bho-hi-1730-20194618535_41.wav	0	6.32
wav/iwslt2024_bho-hi-1730-20194618535_42.wav	0	6.32
wav/iwslt2024_bho-hi-1730-20194618535_43.wav	0	10.48
wav/iwslt2024_bho-hi-1730-20194618535_44.wav	0	5.48
wav/iwslt2024_bho-hi-1730-20194618535_45.wav	0	10.64
wav/iwslt2024_bho-hi-1730-20195311974_1.wav	0	4.52
wav/iwslt2024_bho-hi-1730-20195311974_3.wav	0	4.2
wav/iwslt2024_bho-hi-1730-20195311974_4.wav	0	3.4
wav/iwslt2024_bho-hi-1730-20195311974_5.wav	0	2.64
wav/iwslt2024_bho-hi-1730-20195311974_9.wav	0	3.44
wav/iwslt2024_bho-hi-1730-20195311974_10.wav	0	3.6
wav/iwslt2024_bho-hi-1730-20195311974_11.wav	0	5.72
wav/iwslt2024_bho-hi-1730-20195311974_12.wav	0	6.12
wav/iwslt2024_bho-hi-1730-20195311974_13.wav	0	5.68
wav/iwslt2024_bho-hi-1730-20195311974_14.wav	0	5.08
wav/iwslt2024_bho-hi-1730-20195311974_15.wav	0	8.24
wav/iwslt2024_bho-hi-1730-20195311974_16.wav	0	6.64
wav/iwslt2024_bho-hi-1730-20195311974_17.wav	0	7.16
wav/iwslt2024_bho-hi-1730-20195311974_18.wav	0	4.4
wav/iwslt2024_bho-hi-1730-20195311974_19.wav	0	4.12
wav/iwslt2024_bho-hi-1730-20195311974_20.wav	0	8.12
wav/iwslt2024_bho-hi-1730-20195311974_21.wav	0	7.28
wav/iwslt2024_bho-hi-1730-20195311974_22.wav	0	7.88
wav/iwslt2024_bho-hi-1730-20195311974_23.wav	0	10.16
wav/iwslt2024_bho-hi-1730-20195311974_24.wav	0	7.6
wav/iwslt2024_bho-hi-1730-20195311974_25.wav	0	12.64
wav/iwslt2024_bho-hi-1730-20196318490_1.wav	0	4
wav/iwslt2024_bho-hi-1730-20196318490_2.wav	0	11.4
wav/iwslt2024_bho-hi-1730-20196318490_3.wav	0	8.8
wav/iwslt2024_bho-hi-1730-20196318490_4.wav	0	10.84
wav/iwslt2024_bho-hi-1730-20196318490_5.wav	0	4.6
wav/iwslt2024_bho-hi-1730-20196318490_6.wav	0	4.6
wav/iwslt2024_bho-hi-1730-20196318490_7.wav	0	5.4
wav/iwslt2024_bho-hi-1730-20196318490_8.wav	0	8.88
wav/iwslt2024_bho-hi-1730-20196318490_9.wav	0	10.48
wav/iwslt2024_bho-hi-1730-20196318490_10.wav	0	13.72
wav/iwslt2024_bho-hi-1730-20196318490_11.wav	0	6.12
wav/iwslt2024_bho-hi-1730-20196318490_12.wav	0	2.36
wav/iwslt2024_bho-hi-1730-20196318490_13.wav	0	8.8
wav/iwslt2024_bho-hi-1730-20196318490_14.wav	0	6.88
wav/iwslt2024_bho-hi-1730-20196318490_15.wav	0	7.12
wav/iwslt2024_bho-hi-1730-20196318490_16.wav	0	4.12
wav/iwslt2024_bho-hi-1730-20196318490_17.wav	0	2.72
wav/iwslt2024_bho-hi-1730-20196318490_18.wav	0	7.36
wav/iwslt2024_bho-hi-1730-20196318490_19.wav	0	5.88
wav/iwslt2024_bho-hi-1730-20196318490_20.wav	0	10.56
wav/iwslt2024_bho-hi-1730-20196318490_21.wav	0	7.4
wav/iwslt2024_bho-hi-1730-20196318490_22.wav	0	7.68
wav/iwslt2024_bho-hi-1730-20196318490_23.wav	0	5.68
wav/iwslt2024_bho-hi-1730-20196318490_24.wav	0	6.6
wav/iwslt2024_bho-hi-1730-20196318490_25.wav	0	8.2
wav/iwslt2024_bho-hi-1730-20196318490_30.wav	0	2.56
wav/iwslt2024_bho-hi-1730-20196318490_31.wav	0	8.64
wav/iwslt2024_bho-hi-1730-20196318490_32.wav	0	8.76
wav/iwslt2024_bho-hi-1730-20196318490_33.wav	0	3.4
wav/iwslt2024_bho-hi-1730-20196318490_34.wav	0	5.72
wav/iwslt2024_bho-hi-1730-20196318490_35.wav	0	6.44
wav/iwslt2024_bho-hi-1730-20196318490_36.wav	0	12
wav/iwslt2024_bho-hi-1730-20196318490_37.wav	0	11.8
wav/iwslt2024_bho-hi-1730-201811918271_1.wav	0	4.2
wav/iwslt2024_bho-hi-1730-201811918271_2.wav	0	10.64
wav/iwslt2024_bho-hi-1730-201811918271_3.wav	0	5.52
wav/iwslt2024_bho-hi-1730-201811918271_4.wav	0	11.84
wav/iwslt2024_bho-hi-1730-201811918271_5.wav	0	4.76
wav/iwslt2024_bho-hi-1730-201811918271_7.wav	0	6.52
wav/iwslt2024_bho-hi-1730-201811918271_8.wav	0	7.64
wav/iwslt2024_bho-hi-1730-201811918271_9.wav	0	3.44
wav/iwslt2024_bho-hi-1730-201811918271_11.wav	0	3.08
wav/iwslt2024_bho-hi-1730-201811918271_12.wav	0	7.28
wav/iwslt2024_bho-hi-1730-201811918271_13.wav	0	5.32
wav/iwslt2024_bho-hi-1730-201811918271_17.wav	0	2.32
wav/iwslt2024_bho-hi-1730-201811918271_18.wav	0	7.6
wav/iwslt2024_bho-hi-1730-201811918271_19.wav	0	2.64
wav/iwslt2024_bho-hi-1730-201811918271_20.wav	0	3.4
wav/iwslt2024_bho-hi-1730-201811918271_21.wav	0	3.24
wav/iwslt2024_bho-hi-1730-201811918271_22.wav	0	3.92
wav/iwslt2024_bho-hi-1730-201811918271_24.wav	0	5.56
wav/iwslt2024_bho-hi-1730-201811918271_25.wav	0	9.68
wav/iwslt2024_bho-hi-1730-201811918271_27.wav	0	8.56
wav/iwslt2024_bho-hi-1730-201811918271_28.wav	0	6.28
wav/iwslt2024_bho-hi-1730-201811918271_29.wav	0	12.12
wav/iwslt2024_bho-hi-1730-201811918271_30.wav	0	10.88
wav/iwslt2024_bho-hi-1730-201811918271_31.wav	0	2.68
wav/iwslt2024_bho-hi-1730-201811918271_32.wav	0	2.72
wav/iwslt2024_bho-hi-1730-201811918271_33.wav	0	11.68
wav/iwslt2024_bho-hi-1730-201812219027_1.wav	0	4.64
wav/iwslt2024_bho-hi-1730-201812219027_2.wav	0	7.2
wav/iwslt2024_bho-hi-1730-201812219027_3.wav	0	4.52
wav/iwslt2024_bho-hi-1730-201812219027_4.wav	0	10.6
wav/iwslt2024_bho-hi-1730-201812219027_5.wav	0	4.48
wav/iwslt2024_bho-hi-1730-201812219027_6.wav	0	8.68
wav/iwslt2024_bho-hi-1730-201812219027_7.wav	0	12.12
wav/iwslt2024_bho-hi-1730-201812219027_9.wav	0	11.44
wav/iwslt2024_bho-hi-1730-201812219027_10.wav	0	13.68
wav/iwslt2024_bho-hi-1730-201812219027_11.wav	0	9.36
wav/iwslt2024_bho-hi-1730-201812219027_12.wav	0	8.6
wav/iwslt2024_bho-hi-1730-201812219027_17.wav	0	13.2
wav/iwslt2024_bho-hi-1730-201812219027_18.wav	0	8.28
wav/iwslt2024_bho-hi-1730-201812219027_19.wav	0	5.16
wav/iwslt2024_bho-hi-1730-201812219027_20.wav	0	13.12
wav/iwslt2024_bho-hi-1730-201812219027_21.wav	0	6.8
wav/iwslt2024_bho-hi-1730-201812219027_22.wav	0	5.52
wav/iwslt2024_bho-hi-1730-201812219027_23.wav	0	12.8
wav/iwslt2024_bho-hi-1730-201812219027_25.wav	0	5
wav/iwslt2024_bho-hi-1730-201812219027_26.wav	0	7.92
wav/iwslt2024_bho-hi-1730-201812292021_4.wav	0	10.2
wav/iwslt2024_bho-hi-1730-201812292021_5.wav	0	3.08
wav/iwslt2024_bho-hi-1730-201812292021_6.wav	0	6.04
wav/iwslt2024_bho-hi-1730-201812292021_7.wav	0	7.68
wav/iwslt2024_bho-hi-1730-201812292021_8.wav	0	9.76
wav/iwslt2024_bho-hi-1730-201812292021_9.wav	0	8.44
wav/iwslt2024_bho-hi-1730-201812292021_10.wav	0	11.32
wav/iwslt2024_bho-hi-1730-201812292021_11.wav	0	6.96
wav/iwslt2024_bho-hi-1730-201812292021_12.wav	0	10.16
wav/iwslt2024_bho-hi-1730-201812292021_13.wav	0	10.4
wav/iwslt2024_bho-hi-1730-201812292021_14.wav	0	8.68
wav/iwslt2024_bho-hi-1730-201812292021_15.wav	0	3.88
wav/iwslt2024_bho-hi-1730-201812292021_16.wav	0	3.64
wav/iwslt2024_bho-hi-1730-201812292021_17.wav	0	10.4
wav/iwslt2024_bho-hi-1730-201812292021_18.wav	0	8.6
wav/iwslt2024_bho-hi-1730-201812292021_19.wav	0	3
wav/iwslt2024_bho-hi-1730-201812292021_20.wav	0	4.4
wav/iwslt2024_bho-hi-1730-201812292021_21.wav	0	7.48
wav/iwslt2024_bho-hi-1730-201812292021_22.wav	0	6.68
wav/iwslt2024_bho-hi-1730-201812292021_23.wav	0	5
wav/iwslt2024_bho-hi-1730-201812292021_24.wav	0	4.12
wav/iwslt2024_bho-hi-1730-201812292021_25.wav	0	7.64
wav/iwslt2024_bho-hi-1730-201812292021_26.wav	0	7.04
wav/iwslt2024_bho-hi-1730-201812292021_27.wav	0	6.52
wav/iwslt2024_bho-hi-1730-201812292021_28.wav	0	10.76
wav/iwslt2024_bho-hi-1730-201812618461_1.wav	0	10.28
wav/iwslt2024_bho-hi-1730-201812618461_2.wav	0	5.56
wav/iwslt2024_bho-hi-1730-201812618461_3.wav	0	3.04
wav/iwslt2024_bho-hi-1730-201812618461_4.wav	0	8.88
wav/iwslt2024_bho-hi-1730-201812618461_5.wav	0	9.92
wav/iwslt2024_bho-hi-1730-201812618461_6.wav	0	5.4
wav/iwslt2024_bho-hi-1730-201812618461_7.wav	0	2.92
wav/iwslt2024_bho-hi-1730-201812618461_8.wav	0	7
wav/iwslt2024_bho-hi-1730-201812618461_10.wav	0	7.16
wav/iwslt2024_bho-hi-1730-201812618461_11.wav	0	7.4
wav/iwslt2024_bho-hi-1730-201812618461_12.wav	0	8.56
wav/iwslt2024_bho-hi-1730-201812618461_13.wav	0	13.28
wav/iwslt2024_bho-hi-1730-201812618461_14.wav	0	4.48
wav/iwslt2024_bho-hi-1730-201812618461_15.wav	0	11.56
wav/iwslt2024_bho-hi-1730-201812618461_16.wav	0	5.48
wav/iwslt2024_bho-hi-1730-201812618461_17.wav	0	14.76
wav/iwslt2024_bho-hi-1730-201812618461_18.wav	0	14.08
wav/iwslt2024_bho-hi-1730-201812618461_20.wav	0	5.48
wav/iwslt2024_bho-hi-1730-201812618461_21.wav	0	8.16
wav/iwslt2024_bho-hi-1730-201812618461_22.wav	0	13.44
wav/iwslt2024_bho-hi-1730-201812618461_23.wav	0	10.52
wav/iwslt2024_bho-hi-1730-201812618461_24.wav	0	6.28
wav/iwslt2024_bho-hi-1730-201812618461_25.wav	0	14.04
wav/iwslt2024_bho-hi-1730-201812618461_26.wav	0	7.56
wav/iwslt2024_bho-hi-1730-201812618461_27.wav	0	13.44
wav/iwslt2024_bho-hi-1730-201812618461_28.wav	0	4.2
wav/iwslt2024_bho-hi-1730-201812618461_29.wav	0	5.72
wav/iwslt2024_bho-hi-1730-201812618461_30.wav	0	8.08
wav/iwslt2024_bho-hi-1730-201812618461_31.wav	0	7.64
wav/iwslt2024_bho-hi-1730-201812618461_32.wav	0	9.12
wav/iwslt2024_bho-hi-1730-201839195853_1.wav	0	4.76
wav/iwslt2024_bho-hi-1730-201839195853_4.wav	0	9.4
wav/iwslt2024_bho-hi-1730-201839195853_5.wav	0	4.8
wav/iwslt2024_bho-hi-1730-201839195853_6.wav	0	6.2
wav/iwslt2024_bho-hi-1730-201839195853_8.wav	0	6.12
wav/iwslt2024_bho-hi-1730-201839195853_10.wav	0	10.8
wav/iwslt2024_bho-hi-1730-201839195853_11.wav	0	9.64
wav/iwslt2024_bho-hi-1730-201839195853_12.wav	0	12.52
wav/iwslt2024_bho-hi-1730-201839195853_13.wav	0	5.92
wav/iwslt2024_bho-hi-1730-201839195853_14.wav	0	9.4
wav/iwslt2024_bho-hi-1730-201839195853_15.wav	0	7.24
wav/iwslt2024_bho-hi-1730-201839195853_16.wav	0	2.76
wav/iwslt2024_bho-hi-1730-201839195853_17.wav	0	4.72
wav/iwslt2024_bho-hi-1730-201839195853_18.wav	0	6.24
wav/iwslt2024_bho-hi-1730-201839195853_19.wav	0	6.36
wav/iwslt2024_bho-hi-1730-201839195853_20.wav	0	3.56
wav/iwslt2024_bho-hi-1730-201839195853_21.wav	0	3.56
wav/iwslt2024_bho-hi-1730-201839195853_22.wav	0	10.96
wav/iwslt2024_bho-hi-1730-201839195853_24.wav	0	4.12
wav/iwslt2024_bho-hi-1730-201839195853_25.wav	0	3.28
wav/iwslt2024_bho-hi-1730-201839195853_27.wav	0	7
wav/iwslt2024_bho-hi-1730-201839195853_28.wav	0	10.92
wav/iwslt2024_bho-hi-1730-201842185134_19.wav	0	2.32
wav/iwslt2024_bho-hi-1730-201842185134_20.wav	0	5.44
wav/iwslt2024_bho-hi-1730-201842185134_23.wav	0	3.72
wav/iwslt2024_bho-hi-1730-201842185134_24.wav	0	3.52
wav/iwslt2024_bho-hi-1730-201842185134_31.wav	0	2.12
wav/iwslt2024_bho-hi-1730-201842185134_32.wav	0	2.76
wav/iwslt2024_bho-hi-1730-201842185134_33.wav	0	1.88
wav/iwslt2024_bho-hi-1730-201842185134_36.wav	0	3.96
wav/iwslt2024_bho-hi-1730-201842185134_43.wav	0	2.64
wav/iwslt2024_bho-hi-1730-201842185134_44.wav	0	3.36
wav/iwslt2024_bho-hi-1730-201842185134_46.wav	0	2.2
wav/iwslt2024_bho-hi-1730-201842185134_47.wav	0	2.08
wav/iwslt2024_bho-hi-1730-201842185134_51.wav	0	3.08
wav/iwslt2024_bho-hi-1730-201842185134_56.wav	0	2.72
wav/iwslt2024_bho-hi-1730-201842185134_58.wav	0	1.88
wav/iwslt2024_bho-hi-1730-201842185134_59.wav	0	2.96
wav/iwslt2024_bho-hi-1730-201842185134_63.wav	0	4.48
wav/iwslt2024_bho-hi-1730-201842185134_68.wav	0	1.64
wav/iwslt2024_bho-hi-1730-201842185134_73.wav	0	3.52
wav/iwslt2024_bho-hi-1730-201842185134_75.wav	0	3.24
wav/iwslt2024_bho-hi-1730-201842185134_76.wav	0	1.76
wav/iwslt2024_bho-hi-1730-201842185134_93.wav	0	2.08
wav/iwslt2024_bho-hi-1730-201842185134_98.wav	0	2.68
wav/iwslt2024_bho-hi-1730-201842185134_103.wav	0	4.84
wav/iwslt2024_bho-hi-1730-201842185134_104.wav	0	4.96
wav/iwslt2024_bho-hi-1730-201842185134_108.wav	0	3.04
wav/iwslt2024_bho-hi-1730-201842185134_114.wav	0	2.12
wav/iwslt2024_bho-hi-1730-201842185134_115.wav	0	3.12
wav/iwslt2024_bho-hi-1730-201842185134_116.wav	0	1.6
wav/iwslt2024_bho-hi-1730-201842185134_131.wav	0	2.08
wav/iwslt2024_bho-hi-1730-201842185134_132.wav	0	8.72
wav/iwslt2024_bho-hi-1730-201842185134_135.wav	0	1.8
wav/iwslt2024_bho-hi-1730-201842185134_140.wav	0	2.36
wav/iwslt2024_bho-hi-1730-201842185134_143.wav	0	1.6
wav/iwslt2024_bho-hi-1730-201842185134_144.wav	0	3.24
wav/iwslt2024_bho-hi-1730-201842185134_145.wav	0	3.36
wav/iwslt2024_bho-hi-1730-201842185134_146.wav	0	6.84
wav/iwslt2024_bho-hi-1730-201842185134_147.wav	0	3.56
wav/iwslt2024_bho-hi-1730-201842185134_150.wav	0	1.96
wav/iwslt2024_bho-hi-1730-201842185134_175.wav	0	2.72
wav/iwslt2024_bho-hi-1730-201847193456_1.wav	0	6.64
wav/iwslt2024_bho-hi-1730-201847193456_2.wav	0	5.2
wav/iwslt2024_bho-hi-1730-201847193456_3.wav	0	10.76
wav/iwslt2024_bho-hi-1730-201847193456_4.wav	0	5.2
wav/iwslt2024_bho-hi-1730-201847193456_6.wav	0	10.76
wav/iwslt2024_bho-hi-1730-201847193456_7.wav	0	12.56
wav/iwslt2024_bho-hi-1730-201847193456_8.wav	0	7.64
wav/iwslt2024_bho-hi-1730-201847193456_9.wav	0	7.2
wav/iwslt2024_bho-hi-1730-201847193456_11.wav	0	7.64
wav/iwslt2024_bho-hi-1730-201847193456_12.wav	0	11.52
wav/iwslt2024_bho-hi-1730-201847193456_13.wav	0	11.76
wav/iwslt2024_bho-hi-1730-201847193456_15.wav	0	6.08
wav/iwslt2024_bho-hi-1730-201847193456_16.wav	0	5.84
wav/iwslt2024_bho-hi-1730-201847193456_17.wav	0	10.48
wav/iwslt2024_bho-hi-1730-201847193456_18.wav	0	10.36
wav/iwslt2024_bho-hi-1730-201847193456_19.wav	0	9.16
wav/iwslt2024_bho-hi-1730-201847193456_20.wav	0	11.96
wav/iwslt2024_bho-hi-1730-201847193456_21.wav	0	6.96
wav/iwslt2024_bho-hi-1730-201847193456_22.wav	0	7.2
wav/iwslt2024_bho-hi-1730-201847193456_24.wav	0	5.28
wav/iwslt2024_bho-hi-1730-201847193456_25.wav	0	4.36
wav/iwslt2024_bho-hi-1730-201847193456_26.wav	0	10.8
wav/iwslt2024_bho-hi-1730-201847193456_27.wav	0	4.4
wav/iwslt2024_bho-hi-1730-201847193456_29.wav	0	7.52
wav/iwslt2024_bho-hi-1730-201847193456_30.wav	0	12.52
wav/iwslt2024_bho-hi-1730-201847193456_31.wav	0	4.16
wav/iwslt2024_bho-hi-1730-201849194933_1.wav	0	1.8
wav/iwslt2024_bho-hi-1730-201849194933_7.wav	0	1.96
wav/iwslt2024_bho-hi-1730-201849194933_10.wav	0	7.32
wav/iwslt2024_bho-hi-1730-201849194933_12.wav	0	6.92
wav/iwslt2024_bho-hi-1730-201849194933_13.wav	0	2.2
wav/iwslt2024_bho-hi-1730-201849194933_21.wav	0	1.56
wav/iwslt2024_bho-hi-1730-201849194933_27.wav	0	3
wav/iwslt2024_bho-hi-1730-201849194933_30.wav	0	3.64
wav/iwslt2024_bho-hi-1730-201849194933_32.wav	0	5.76
wav/iwslt2024_bho-hi-1730-201849194933_33.wav	0	1.72
wav/iwslt2024_bho-hi-1730-201849194933_36.wav	0	2.04
wav/iwslt2024_bho-hi-1730-201849194933_37.wav	0	3.12
wav/iwslt2024_bho-hi-1730-201849194933_43.wav	0	2.8
wav/iwslt2024_bho-hi-1730-201849194933_44.wav	0	2.44
wav/iwslt2024_bho-hi-1730-201849194933_47.wav	0	4
wav/iwslt2024_bho-hi-1730-201849194933_49.wav	0	2.12
wav/iwslt2024_bho-hi-1730-201849194933_51.wav	0	1.8
wav/iwslt2024_bho-hi-1730-201849194933_52.wav	0	5
wav/iwslt2024_bho-hi-1730-201849194933_62.wav	0	1.56
wav/iwslt2024_bho-hi-1730-201849194933_64.wav	0	8.48
wav/iwslt2024_bho-hi-1730-201849194933_80.wav	0	2.52
wav/iwslt2024_bho-hi-1730-201849194933_81.wav	0	1.96
wav/iwslt2024_bho-hi-1730-201849194933_82.wav	0	2.28
wav/iwslt2024_bho-hi-1730-201849194933_83.wav	0	2.16
wav/iwslt2024_bho-hi-1730-201849194933_84.wav	0	1.72
wav/iwslt2024_bho-hi-1730-201849194933_93.wav	0	4.4
wav/iwslt2024_bho-hi-1730-201849194933_94.wav	0	1.68
wav/iwslt2024_bho-hi-1730-201849194933_96.wav	0	5.28
wav/iwslt2024_bho-hi-1730-201849194933_99.wav	0	2.68
wav/iwslt2024_bho-hi-1730-201849194933_108.wav	0	5.76
wav/iwslt2024_bho-hi-1730-201849194933_110.wav	0	1.52
wav/iwslt2024_bho-hi-1730-201849194933_114.wav	0	8.76
wav/iwslt2024_bho-hi-1730-201849194933_117.wav	0	1.52
wav/iwslt2024_bho-hi-1730-201849194933_122.wav	0	2.48
wav/iwslt2024_bho-hi-1730-201849194933_124.wav	0	1.8
wav/iwslt2024_bho-hi-1730-201849194933_134.wav	0	2.92
wav/iwslt2024_bho-hi-1730-201849194933_135.wav	0	11.12
wav/iwslt2024_bho-hi-1730-201849194933_138.wav	0	1.68
wav/iwslt2024_bho-hi-1730-201849194933_147.wav	0	1.92
wav/iwslt2024_bho-hi-1730-201849194933_148.wav	0	2.28
wav/iwslt2024_bho-hi-1730-201849194933_153.wav	0	1.6
wav/iwslt2024_bho-hi-1730-201859202539_1.wav	0	5.28
wav/iwslt2024_bho-hi-1730-201859202539_2.wav	0	13.52
wav/iwslt2024_bho-hi-1730-201859202539_3.wav	0	5
wav/iwslt2024_bho-hi-1730-201859202539_4.wav	0	9.36
wav/iwslt2024_bho-hi-1730-201859202539_5.wav	0	6.16
wav/iwslt2024_bho-hi-1730-201859202539_6.wav	0	12.04
wav/iwslt2024_bho-hi-1730-201859202539_8.wav	0	10.8
wav/iwslt2024_bho-hi-1730-201859202539_10.wav	0	8.68
wav/iwslt2024_bho-hi-1730-201859202539_11.wav	0	9.84
wav/iwslt2024_bho-hi-1730-201859202539_13.wav	0	6.28
wav/iwslt2024_bho-hi-1730-201859202539_15.wav	0	5.4
wav/iwslt2024_bho-hi-1730-201859202539_16.wav	0	6.68
wav/iwslt2024_bho-hi-1730-201859202539_17.wav	0	4.04
wav/iwslt2024_bho-hi-1730-201859202539_20.wav	0	12.84
wav/iwslt2024_bho-hi-1730-201859202539_23.wav	0	4.72
wav/iwslt2024_bho-hi-1730-201859202539_24.wav	0	7.36
wav/iwslt2024_bho-hi-1730-201859202539_25.wav	0	13.16
wav/iwslt2024_bho-hi-1730-201859202539_26.wav	0	6
wav/iwslt2024_bho-hi-1730-201859202539_27.wav	0	8.68
wav/iwslt2024_bho-hi-1730-201859202539_28.wav	0	6.44
wav/iwslt2024_bho-hi-1730-201859202539_29.wav	0	13.96
wav/iwslt2024_bho-hi-1730-201859202539_30.wav	0	10.88
wav/iwslt2024_bho-hi-1730-201859202539_31.wav	0	2.6
wav/iwslt2024_bho-hi-1730-201859202539_32.wav	0	10.08
wav/iwslt2024_bho-hi-1730-201861195333_1.wav	0	9.36
wav/iwslt2024_bho-hi-1730-201861195333_2.wav	0	10.04
wav/iwslt2024_bho-hi-1730-201861195333_3.wav	0	13.2
wav/iwslt2024_bho-hi-1730-201861195333_4.wav	0	6.96
wav/iwslt2024_bho-hi-1730-201861195333_6.wav	0	14.72
wav/iwslt2024_bho-hi-1730-201861195333_7.wav	0	4.96
wav/iwslt2024_bho-hi-1730-201861195333_8.wav	0	5.04
wav/iwslt2024_bho-hi-1730-201861195333_9.wav	0	8.88
wav/iwslt2024_bho-hi-1730-201861195333_10.wav	0	11.12
wav/iwslt2024_bho-hi-1730-201861195333_12.wav	0	10.04
wav/iwslt2024_bho-hi-1730-201861195333_13.wav	0	9.04
wav/iwslt2024_bho-hi-1730-201861195333_14.wav	0	3.44
wav/iwslt2024_bho-hi-1730-201861195333_15.wav	0	6.2
wav/iwslt2024_bho-hi-1730-201861195333_16.wav	0	7.68
wav/iwslt2024_bho-hi-1730-201861195333_17.wav	0	8.48
wav/iwslt2024_bho-hi-1730-201861195333_18.wav	0	3.52
wav/iwslt2024_bho-hi-1730-201861195333_19.wav	0	13.96
wav/iwslt2024_bho-hi-1730-201861195333_20.wav	0	10
wav/iwslt2024_bho-hi-1730-201861195333_21.wav	0	11.4
wav/iwslt2024_bho-hi-1730-201861195333_23.wav	0	11.32
wav/iwslt2024_bho-hi-1730-201861195333_24.wav	0	10.92
wav/iwslt2024_bho-hi-1730-201861195333_25.wav	0	3.52
wav/iwslt2024_bho-hi-1730-201861195333_26.wav	0	4.8
wav/iwslt2024_bho-hi-1730-201861195333_27.wav	0	6.12
wav/iwslt2024_bho-hi-1730-201861195333_28.wav	0	8.4
wav/iwslt2024_bho-hi-1730-201861195333_29.wav	0	4.72
wav/iwslt2024_bho-hi-1730-201861195333_30.wav	0	13.32
wav/iwslt2024_bho-hi-1730-201863192037_1.wav	0	7.24
wav/iwslt2024_bho-hi-1730-201863192037_2.wav	0	10.64
wav/iwslt2024_bho-hi-1730-201863192037_4.wav	0	2.48
wav/iwslt2024_bho-hi-1730-201863192037_7.wav	0	2.8
wav/iwslt2024_bho-hi-1730-201863192037_8.wav	0	5.32
wav/iwslt2024_bho-hi-1730-201863192037_9.wav	0	1.92
wav/iwslt2024_bho-hi-1730-201863192037_13.wav	0	2.12
wav/iwslt2024_bho-hi-1730-201863192037_14.wav	0	2.2
wav/iwslt2024_bho-hi-1730-201863192037_15.wav	0	3.52
wav/iwslt2024_bho-hi-1730-201863192037_16.wav	0	6.12
wav/iwslt2024_bho-hi-1730-201863192037_18.wav	0	3.56
wav/iwslt2024_bho-hi-1730-201863192037_19.wav	0	2.92
wav/iwslt2024_bho-hi-1730-201863192037_20.wav	0	14.48
wav/iwslt2024_bho-hi-1730-201863192037_29.wav	0	3.64
wav/iwslt2024_bho-hi-1730-201863192037_31.wav	0	4.2
wav/iwslt2024_bho-hi-1730-201863192037_32.wav	0	3.12
wav/iwslt2024_bho-hi-1730-201863192037_33.wav	0	10.72
wav/iwslt2024_bho-hi-1730-201863192037_34.wav	0	7.4
wav/iwslt2024_bho-hi-1730-201863192037_35.wav	0	5.36
wav/iwslt2024_bho-hi-1730-201863192037_36.wav	0	12.88
wav/iwslt2024_bho-hi-1730-201863192037_37.wav	0	10.92
wav/iwslt2024_bho-hi-1730-201863192037_38.wav	0	11.88
wav/iwslt2024_bho-hi-1730-201863192037_39.wav	0	4.52
wav/iwslt2024_bho-hi-1730-201863192037_40.wav	0	4.56
wav/iwslt2024_bho-hi-1730-201863192037_41.wav	0	4.36
wav/iwslt2024_bho-hi-1730-201863192037_42.wav	0	6.96
wav/iwslt2024_bho-hi-1730-201863192037_43.wav	0	7.64
wav/iwslt2024_bho-hi-1730-201863192037_44.wav	0	3.84
wav/iwslt2024_bho-hi-1730-201863192037_45.wav	0	8.84
wav/iwslt2024_bho-hi-1730-201863192037_46.wav	0	8.52
wav/iwslt2024_bho-hi-1730-201863192037_47.wav	0	9.68
wav/iwslt2024_bho-hi-1730-201863192037_48.wav	0	3.56
wav/iwslt2024_bho-hi-1730-201863192037_49.wav	0	7.08
wav/iwslt2024_bho-hi-1730-201863192037_50.wav	0	12.72
wav/iwslt2024_bho-hi-1730-201866195018_2.wav	0	7.8
wav/iwslt2024_bho-hi-1730-201866195018_3.wav	0	7.84
wav/iwslt2024_bho-hi-1730-201866195018_4.wav	0	7.04
wav/iwslt2024_bho-hi-1730-201866195018_5.wav	0	4.32
wav/iwslt2024_bho-hi-1730-201866195018_6.wav	0	6.12
wav/iwslt2024_bho-hi-1730-201866195018_15.wav	0	2.64
wav/iwslt2024_bho-hi-1730-201866195018_16.wav	0	11.08
wav/iwslt2024_bho-hi-1730-201866195018_17.wav	0	9.6
wav/iwslt2024_bho-hi-1730-201866195018_18.wav	0	9.8
wav/iwslt2024_bho-hi-1730-201866195018_19.wav	0	6.56
wav/iwslt2024_bho-hi-1730-201866195018_20.wav	0	9.76
wav/iwslt2024_bho-hi-1730-201866195018_21.wav	0	6
wav/iwslt2024_bho-hi-1730-201866195018_22.wav	0	11.76
wav/iwslt2024_bho-hi-1730-201866195018_23.wav	0	4.52
wav/iwslt2024_bho-hi-1730-201866195018_24.wav	0	7.32
wav/iwslt2024_bho-hi-1730-201866195018_25.wav	0	4.68
wav/iwslt2024_bho-hi-1730-201866195018_26.wav	0	11
wav/iwslt2024_bho-hi-1730-201866195018_27.wav	0	7.36
wav/iwslt2024_bho-hi-1730-201866195018_28.wav	0	7.36
wav/iwslt2024_bho-hi-1730-201866195018_29.wav	0	14.88
wav/iwslt2024_bho-hi-1730-201866195018_30.wav	0	9.72
wav/iwslt2024_bho-hi-1730-201866195018_31.wav	0	12.28
wav/iwslt2024_bho-hi-1730-201866195018_32.wav	0	11.84
wav/iwslt2024_bho-hi-1730-201866195018_33.wav	0	7.4
wav/iwslt2024_bho-hi-1730-201866195018_34.wav	0	6.36
wav/iwslt2024_bho-hi-1730-201866195018_35.wav	0	6.16
wav/iwslt2024_bho-hi-1730-201866195018_36.wav	0	6.08
wav/iwslt2024_bho-hi-1730-201866195018_37.wav	0	6.64
wav/iwslt2024_bho-hi-1730-201866195018_38.wav	0	3.92
wav/iwslt2024_bho-hi-1730-201872218407_1.wav	0	3.2
wav/iwslt2024_bho-hi-1730-201872218407_2.wav	0	1.8
wav/iwslt2024_bho-hi-1730-201872218407_4.wav	0	2.48
wav/iwslt2024_bho-hi-1730-201872218407_10.wav	0	1.52
wav/iwslt2024_bho-hi-1730-201872218407_12.wav	0	11.32
wav/iwslt2024_bho-hi-1730-201872218407_13.wav	0	1.84
wav/iwslt2024_bho-hi-1730-201872218407_16.wav	0	4.04
wav/iwslt2024_bho-hi-1730-201872218407_17.wav	0	3.04
wav/iwslt2024_bho-hi-1730-201872218407_20.wav	0	2.68
wav/iwslt2024_bho-hi-1730-201872218407_27.wav	0	1.96
wav/iwslt2024_bho-hi-1730-201872218407_28.wav	0	2.4
wav/iwslt2024_bho-hi-1730-201872218407_29.wav	0	4.92
wav/iwslt2024_bho-hi-1730-201872218407_30.wav	0	4.8
wav/iwslt2024_bho-hi-1730-201872218407_31.wav	0	4.2
wav/iwslt2024_bho-hi-1730-201872218407_32.wav	0	10.4
wav/iwslt2024_bho-hi-1730-201872218407_33.wav	0	1.8
wav/iwslt2024_bho-hi-1730-201872218407_34.wav	0	3.52
wav/iwslt2024_bho-hi-1730-201872218407_35.wav	0	3.12
wav/iwslt2024_bho-hi-1730-201872218407_39.wav	0	2.48
wav/iwslt2024_bho-hi-1730-201872218407_43.wav	0	3.68
wav/iwslt2024_bho-hi-1730-201872218407_44.wav	0	2.92
wav/iwslt2024_bho-hi-1730-201872218407_45.wav	0	2.8
wav/iwslt2024_bho-hi-1730-201872218407_46.wav	0	2.44
wav/iwslt2024_bho-hi-1730-201872218407_48.wav	0	2.88
wav/iwslt2024_bho-hi-1730-201872218407_55.wav	0	1.52
wav/iwslt2024_bho-hi-1730-201872218407_56.wav	0	14.28
wav/iwslt2024_bho-hi-1730-201872218407_59.wav	0	3.48
wav/iwslt2024_bho-hi-1730-201872218407_60.wav	0	8.08
wav/iwslt2024_bho-hi-1730-201872218407_61.wav	0	2.28
wav/iwslt2024_bho-hi-1730-201872218407_64.wav	0	8.84
wav/iwslt2024_bho-hi-1730-201872218407_67.wav	0	1.96
wav/iwslt2024_bho-hi-1730-201872218407_71.wav	0	2.68
wav/iwslt2024_bho-hi-1730-201872218407_73.wav	0	1.52
wav/iwslt2024_bho-hi-1730-201872218407_83.wav	0	3.08
wav/iwslt2024_bho-hi-1730-201872218407_85.wav	0	1.72
wav/iwslt2024_bho-hi-1730-201872218407_86.wav	0	1.64
wav/iwslt2024_bho-hi-1730-201872218407_88.wav	0	2
wav/iwslt2024_bho-hi-1730-201872218407_101.wav	0	2.32
wav/iwslt2024_bho-hi-1730-201872218407_107.wav	0	1.6
wav/iwslt2024_bho-hi-1730-201872218407_108.wav	0	2.08
wav/iwslt2024_bho-hi-1730-201872218407_112.wav	0	2
wav/iwslt2024_bho-hi-1730-201874191329_1.wav	0	5.44
wav/iwslt2024_bho-hi-1730-201874191329_2.wav	0	10.44
wav/iwslt2024_bho-hi-1730-201874191329_11.wav	0	1.76
wav/iwslt2024_bho-hi-1730-201874191329_12.wav	0	3.72
wav/iwslt2024_bho-hi-1730-201874191329_15.wav	0	1.96
wav/iwslt2024_bho-hi-1730-201874191329_16.wav	0	11.36
wav/iwslt2024_bho-hi-1730-201874191329_17.wav	0	4.56
wav/iwslt2024_bho-hi-1730-201874191329_18.wav	0	8.56
wav/iwslt2024_bho-hi-1730-201874191329_19.wav	0	8.92
wav/iwslt2024_bho-hi-1730-201874191329_20.wav	0	2.28
wav/iwslt2024_bho-hi-1730-201874191329_21.wav	0	2.6
wav/iwslt2024_bho-hi-1730-201874191329_22.wav	0	7.8
wav/iwslt2024_bho-hi-1730-201874191329_23.wav	0	3.76
wav/iwslt2024_bho-hi-1730-201874191329_24.wav	0	4.8
wav/iwslt2024_bho-hi-1730-201874191329_25.wav	0	3.32
wav/iwslt2024_bho-hi-1730-201874191329_26.wav	0	2.76
wav/iwslt2024_bho-hi-1730-201874191329_27.wav	0	12.36
wav/iwslt2024_bho-hi-1730-201874191329_28.wav	0	11.12
wav/iwslt2024_bho-hi-1730-201874191329_29.wav	0	10.8
wav/iwslt2024_bho-hi-1730-201874191329_30.wav	0	5.92
wav/iwslt2024_bho-hi-1730-201874191329_31.wav	0	4.04
wav/iwslt2024_bho-hi-1730-201874191329_32.wav	0	4.12
wav/iwslt2024_bho-hi-1730-201874191329_33.wav	0	4.4
wav/iwslt2024_bho-hi-1730-201874191329_34.wav	0	6.2
wav/iwslt2024_bho-hi-1730-201874191329_35.wav	0	2.88
wav/iwslt2024_bho-hi-1730-201874191329_36.wav	0	6.28
wav/iwslt2024_bho-hi-1730-201874191329_37.wav	0	13.96
wav/iwslt2024_bho-hi-1730-201874191329_38.wav	0	10.72
wav/iwslt2024_bho-hi-1730-201874191329_39.wav	0	7
wav/iwslt2024_bho-hi-1730-201874191329_40.wav	0	4.48
wav/iwslt2024_bho-hi-1730-201874191329_41.wav	0	5.16
wav/iwslt2024_bho-hi-1730-201874191329_42.wav	0	6.12
wav/iwslt2024_bho-hi-1730-201874191329_43.wav	0	9.12
wav/iwslt2024_bho-hi-1730-201874191329_44.wav	0	6.8
wav/iwslt2024_bho-hi-1730-201874191329_45.wav	0	5.68
wav/iwslt2024_bho-hi-1730-201875201815_1.wav	0	13.24
wav/iwslt2024_bho-hi-1730-201875201815_2.wav	0	6.4
wav/iwslt2024_bho-hi-1730-201875201815_3.wav	0	7.64
wav/iwslt2024_bho-hi-1730-201875201815_4.wav	0	5.84
wav/iwslt2024_bho-hi-1730-201875201815_5.wav	0	5.2
wav/iwslt2024_bho-hi-1730-201875201815_6.wav	0	4.12
wav/iwslt2024_bho-hi-1730-201875201815_7.wav	0	11.04
wav/iwslt2024_bho-hi-1730-201875201815_8.wav	0	8.4
wav/iwslt2024_bho-hi-1730-201875201815_9.wav	0	6.48
wav/iwslt2024_bho-hi-1730-201875201815_10.wav	0	12.12
wav/iwslt2024_bho-hi-1730-201875201815_12.wav	0	6.24
wav/iwslt2024_bho-hi-1730-201875201815_13.wav	0	3.52
wav/iwslt2024_bho-hi-1730-201875201815_14.wav	0	6.44
wav/iwslt2024_bho-hi-1730-201875201815_15.wav	0	6.16
wav/iwslt2024_bho-hi-1730-201875201815_16.wav	0	7.44
wav/iwslt2024_bho-hi-1730-201875201815_17.wav	0	9.12
wav/iwslt2024_bho-hi-1730-201875201815_18.wav	0	5.84
wav/iwslt2024_bho-hi-1730-201875201815_19.wav	0	6.32
wav/iwslt2024_bho-hi-1730-201875201815_20.wav	0	9.16
wav/iwslt2024_bho-hi-1730-201875201815_21.wav	0	2.48
wav/iwslt2024_bho-hi-1730-201875201815_22.wav	0	7.28
wav/iwslt2024_bho-hi-1730-201875201815_23.wav	0	10.2
wav/iwslt2024_bho-hi-1730-201875201815_24.wav	0	3.44
wav/iwslt2024_bho-hi-1730-201875201815_25.wav	0	9
wav/iwslt2024_bho-hi-1730-201875201815_27.wav	0	4.24
wav/iwslt2024_bho-hi-1730-201875201815_28.wav	0	6.36
wav/iwslt2024_bho-hi-1730-201875201815_29.wav	0	7.24
wav/iwslt2024_bho-hi-1730-201875201815_30.wav	0	6.28
wav/iwslt2024_bho-hi-1730-201875201815_31.wav	0	9
wav/iwslt2024_bho-hi-1730-201879182925_1.wav	0	2.68
wav/iwslt2024_bho-hi-1730-201879182925_2.wav	0	7.28
wav/iwslt2024_bho-hi-1730-201879182925_3.wav	0	2.64
wav/iwslt2024_bho-hi-1730-201879182925_10.wav	0	1.64
wav/iwslt2024_bho-hi-1730-201879182925_16.wav	0	2.32
wav/iwslt2024_bho-hi-1730-201879182925_19.wav	0	2
wav/iwslt2024_bho-hi-1730-201879182925_23.wav	0	1.56
wav/iwslt2024_bho-hi-1730-201879182925_27.wav	0	3.32
wav/iwslt2024_bho-hi-1730-201879182925_28.wav	0	1.52
wav/iwslt2024_bho-hi-1730-201879182925_29.wav	0	1.52
wav/iwslt2024_bho-hi-1730-201879182925_39.wav	0	3.56
wav/iwslt2024_bho-hi-1730-201879182925_40.wav	0	2.36
wav/iwslt2024_bho-hi-1730-201879182925_48.wav	0	2.36
wav/iwslt2024_bho-hi-1730-201879182925_49.wav	0	3.64
wav/iwslt2024_bho-hi-1730-201879182925_52.wav	0	3.44
wav/iwslt2024_bho-hi-1730-201879182925_55.wav	0	3.68
wav/iwslt2024_bho-hi-1730-201879182925_59.wav	0	4.56
wav/iwslt2024_bho-hi-1730-201879182925_67.wav	0	4.44
wav/iwslt2024_bho-hi-1730-201879182925_71.wav	0	2.12
wav/iwslt2024_bho-hi-1730-201879182925_77.wav	0	3.96
wav/iwslt2024_bho-hi-1730-201879182925_82.wav	0	1.92
wav/iwslt2024_bho-hi-1730-201879182925_84.wav	0	2.48
wav/iwslt2024_bho-hi-1730-201879182925_85.wav	0	6
wav/iwslt2024_bho-hi-1730-201879182925_86.wav	0	2.12
wav/iwslt2024_bho-hi-1730-201879182925_97.wav	0	1.68
wav/iwslt2024_bho-hi-1730-201879182925_99.wav	0	4.72
wav/iwslt2024_bho-hi-1730-201879182925_101.wav	0	8.84
wav/iwslt2024_bho-hi-1730-201879182925_102.wav	0	4.68
wav/iwslt2024_bho-hi-1730-201879182925_103.wav	0	6.44
wav/iwslt2024_bho-hi-1730-201879182925_104.wav	0	3.04
wav/iwslt2024_bho-hi-1730-201879182925_105.wav	0	3.4
wav/iwslt2024_bho-hi-1730-201879182925_106.wav	0	3
wav/iwslt2024_bho-hi-1730-201879182925_110.wav	0	1.52
wav/iwslt2024_bho-hi-1730-201879182925_113.wav	0	2
wav/iwslt2024_bho-hi-1730-201879182925_122.wav	0	2
wav/iwslt2024_bho-hi-1730-201879182925_124.wav	0	3.44
wav/iwslt2024_bho-hi-1730-201879182925_125.wav	0	3.4
wav/iwslt2024_bho-hi-1730-201879182925_131.wav	0	2.2
wav/iwslt2024_bho-hi-1730-201881518396_1.wav	0	13.72
wav/iwslt2024_bho-hi-1730-201881518396_3.wav	0	8.4
wav/iwslt2024_bho-hi-1730-201881518396_4.wav	0	3.8
wav/iwslt2024_bho-hi-1730-201881518396_5.wav	0	6.56
wav/iwslt2024_bho-hi-1730-201881518396_6.wav	0	8.2
wav/iwslt2024_bho-hi-1730-201881518396_7.wav	0	8.92
wav/iwslt2024_bho-hi-1730-201881518396_8.wav	0	8.48
wav/iwslt2024_bho-hi-1730-201881518396_9.wav	0	9.56
wav/iwslt2024_bho-hi-1730-201881518396_10.wav	0	6.24
wav/iwslt2024_bho-hi-1730-201881518396_11.wav	0	5.96
wav/iwslt2024_bho-hi-1730-201881518396_12.wav	0	6.56
wav/iwslt2024_bho-hi-1730-201881518396_13.wav	0	11.72
wav/iwslt2024_bho-hi-1730-201881518396_14.wav	0	4
wav/iwslt2024_bho-hi-1730-201881518396_15.wav	0	8.4
wav/iwslt2024_bho-hi-1730-201881518396_16.wav	0	13.48
wav/iwslt2024_bho-hi-1730-201881518396_17.wav	0	3.6
wav/iwslt2024_bho-hi-1730-201881518396_19.wav	0	6.36
wav/iwslt2024_bho-hi-1730-201881518396_20.wav	0	4.24
wav/iwslt2024_bho-hi-1730-201881518396_21.wav	0	3.88
wav/iwslt2024_bho-hi-1730-201881518396_22.wav	0	8
wav/iwslt2024_bho-hi-1730-201881518396_23.wav	0	4.16
wav/iwslt2024_bho-hi-1730-201881518396_25.wav	0	11.6
wav/iwslt2024_bho-hi-1730-201881518396_26.wav	0	8.4
wav/iwslt2024_bho-hi-1730-201881518396_27.wav	0	7.12
wav/iwslt2024_bho-hi-1730-201881518396_28.wav	0	6
wav/iwslt2024_bho-hi-1730-201881518396_29.wav	0	10.56
wav/iwslt2024_bho-hi-1730-201881518396_30.wav	0	3.88
wav/iwslt2024_bho-hi-1730-201881518396_31.wav	0	4.8
wav/iwslt2024_bho-hi-1730-201881518396_32.wav	0	4.44
wav/iwslt2024_bho-hi-1730-201881518396_33.wav	0	2.88
wav/iwslt2024_bho-hi-1730-201881518396_34.wav	0	5.56
wav/iwslt2024_bho-hi-1730-201881518396_35.wav	0	4.24
wav/iwslt2024_bho-hi-1730-201881518396_36.wav	0	11.64
wav/iwslt2024_bho-hi-1730-201881518396_37.wav	0	6.16
wav/iwslt2024_bho-hi-1730-201881818469_1.wav	0	7
wav/iwslt2024_bho-hi-1730-201881818469_2.wav	0	4.36
wav/iwslt2024_bho-hi-1730-201881818469_3.wav	0	13.28
wav/iwslt2024_bho-hi-1730-201881818469_4.wav	0	7.2
wav/iwslt2024_bho-hi-1730-201881818469_5.wav	0	8.8
wav/iwslt2024_bho-hi-1730-201881818469_6.wav	0	10.52
wav/iwslt2024_bho-hi-1730-201881818469_7.wav	0	7.64
wav/iwslt2024_bho-hi-1730-201881818469_8.wav	0	4.92
wav/iwslt2024_bho-hi-1730-201881818469_9.wav	0	12
wav/iwslt2024_bho-hi-1730-201881818469_10.wav	0	9.36
wav/iwslt2024_bho-hi-1730-201881818469_12.wav	0	3.6
wav/iwslt2024_bho-hi-1730-201881818469_13.wav	0	5.88
wav/iwslt2024_bho-hi-1730-201881818469_14.wav	0	11.96
wav/iwslt2024_bho-hi-1730-201881818469_15.wav	0	7.44
wav/iwslt2024_bho-hi-1730-201881818469_16.wav	0	10.88
wav/iwslt2024_bho-hi-1730-201881818469_17.wav	0	7.76
wav/iwslt2024_bho-hi-1730-201881818469_18.wav	0	12.88
wav/iwslt2024_bho-hi-1730-201881818469_19.wav	0	12.4
wav/iwslt2024_bho-hi-1730-201881818469_20.wav	0	4.52
wav/iwslt2024_bho-hi-1730-201881818469_21.wav	0	10.4
wav/iwslt2024_bho-hi-1730-201881818469_22.wav	0	7.48
wav/iwslt2024_bho-hi-1730-201881818469_24.wav	0	4
wav/iwslt2024_bho-hi-1730-201881818469_25.wav	0	2.56
wav/iwslt2024_bho-hi-1730-201881818469_26.wav	0	9.04
wav/iwslt2024_bho-hi-1730-201881818469_27.wav	0	9.48
wav/iwslt2024_bho-hi-1730-201881818469_28.wav	0	3.92
wav/iwslt2024_bho-hi-1730-201881818469_29.wav	0	8.84
wav/iwslt2024_bho-hi-1730-201881818469_30.wav	0	9.44
wav/iwslt2024_bho-hi-1730-201881818469_31.wav	0	2.52
wav/iwslt2024_bho-hi-1730-201881818469_32.wav	0	13.28
wav/iwslt2024_bho-hi-1730-201881818469_37.wav	0	8.04
wav/iwslt2024_bho-hi-1730-201882019053_1.wav	0	7.4
wav/iwslt2024_bho-hi-1730-201882019053_2.wav	0	4.44
wav/iwslt2024_bho-hi-1730-201882019053_3.wav	0	9.96
wav/iwslt2024_bho-hi-1730-201882019053_4.wav	0	3.84
wav/iwslt2024_bho-hi-1730-201882019053_5.wav	0	2.88
wav/iwslt2024_bho-hi-1730-201882019053_6.wav	0	8.8
wav/iwslt2024_bho-hi-1730-201882019053_7.wav	0	10.88
wav/iwslt2024_bho-hi-1730-201882019053_8.wav	0	6.12
wav/iwslt2024_bho-hi-1730-201882019053_9.wav	0	6.48
wav/iwslt2024_bho-hi-1730-201882019053_10.wav	0	5.6
wav/iwslt2024_bho-hi-1730-201882019053_11.wav	0	4.28
wav/iwslt2024_bho-hi-1730-201882019053_12.wav	0	2.04
wav/iwslt2024_bho-hi-1730-201882019053_13.wav	0	8.92
wav/iwslt2024_bho-hi-1730-201882019053_14.wav	0	9.04
wav/iwslt2024_bho-hi-1730-201882019053_15.wav	0	8.76
wav/iwslt2024_bho-hi-1730-201882019053_16.wav	0	2.8
wav/iwslt2024_bho-hi-1730-201882019053_17.wav	0	7.64
wav/iwslt2024_bho-hi-1730-201882019053_18.wav	0	9.04
wav/iwslt2024_bho-hi-1730-201882019053_19.wav	0	12.2
wav/iwslt2024_bho-hi-1730-201882019053_26.wav	0	2.52
wav/iwslt2024_bho-hi-1730-201882019053_28.wav	0	3.44
wav/iwslt2024_bho-hi-1730-201882019053_29.wav	0	11.52
wav/iwslt2024_bho-hi-1730-201882019053_30.wav	0	7.96
wav/iwslt2024_bho-hi-1730-201882019053_31.wav	0	9.8
wav/iwslt2024_bho-hi-1730-201882019053_33.wav	0	8.04
wav/iwslt2024_bho-hi-1730-201882019053_34.wav	0	4.92
wav/iwslt2024_bho-hi-1730-201882019053_35.wav	0	7.84
wav/iwslt2024_bho-hi-1730-201882019053_36.wav	0	6.56
wav/iwslt2024_bho-hi-1730-201882019053_37.wav	0	3.8
wav/iwslt2024_bho-hi-1730-201882019053_38.wav	0	3.68
wav/iwslt2024_bho-hi-1730-201882019053_39.wav	0	4.08
wav/iwslt2024_bho-hi-1730-201882019053_40.wav	0	3.64
wav/iwslt2024_bho-hi-1730-201882019053_41.wav	0	6
wav/iwslt2024_bho-hi-1730-201882019053_42.wav	0	11.24
wav/iwslt2024_bho-hi-1730-201882621339_1.wav	0	7.32
wav/iwslt2024_bho-hi-1730-201882621339_3.wav	0	3.32
wav/iwslt2024_bho-hi-1730-201882621339_9.wav	0	3.64
wav/iwslt2024_bho-hi-1730-201882621339_10.wav	0	4.2
wav/iwslt2024_bho-hi-1730-201882621339_11.wav	0	3.64
wav/iwslt2024_bho-hi-1730-201882621339_12.wav	0	6.72
wav/iwslt2024_bho-hi-1730-201882621339_21.wav	0	7.36
wav/iwslt2024_bho-hi-1730-201882621339_22.wav	0	8.04
wav/iwslt2024_bho-hi-1730-201882621339_23.wav	0	4.76
wav/iwslt2024_bho-hi-1730-201882621339_24.wav	0	6.36
wav/iwslt2024_bho-hi-1730-201882621339_25.wav	0	3.24
wav/iwslt2024_bho-hi-1730-201882621339_26.wav	0	6.96
wav/iwslt2024_bho-hi-1730-201882621339_27.wav	0	2.44
wav/iwslt2024_bho-hi-1730-201882621339_28.wav	0	8.68
wav/iwslt2024_bho-hi-1730-201882621339_29.wav	0	13.32
wav/iwslt2024_bho-hi-1730-201882621339_30.wav	0	7.76
wav/iwslt2024_bho-hi-1730-201882621339_31.wav	0	11.2
wav/iwslt2024_bho-hi-1730-201882621339_32.wav	0	13.48
wav/iwslt2024_bho-hi-1730-201882621339_33.wav	0	5.24
wav/iwslt2024_bho-hi-1730-201882621339_34.wav	0	4.32
wav/iwslt2024_bho-hi-1730-201882621339_35.wav	0	6.68
wav/iwslt2024_bho-hi-1730-201882621339_36.wav	0	5.4
wav/iwslt2024_bho-hi-1730-201882621339_37.wav	0	4.12
wav/iwslt2024_bho-hi-1730-201882621339_38.wav	0	6.56
wav/iwslt2024_bho-hi-1730-201882621339_39.wav	0	6.88
wav/iwslt2024_bho-hi-1730-201882621339_40.wav	0	3.88
wav/iwslt2024_bho-hi-1730-201882621339_41.wav	0	4.88
wav/iwslt2024_bho-hi-1730-201882621339_42.wav	0	5.2
wav/iwslt2024_bho-hi-1730-201882621339_43.wav	0	4.24
wav/iwslt2024_bho-hi-1730-201882621339_44.wav	0	9.12
wav/iwslt2024_bho-hi-1730-201882621339_45.wav	0	7.92
wav/iwslt2024_bho-hi-1730-201883183955_3.wav	0	2.76
wav/iwslt2024_bho-hi-1730-201883183955_6.wav	0	6.6
wav/iwslt2024_bho-hi-1730-201883183955_11.wav	0	3.28
wav/iwslt2024_bho-hi-1730-201883183955_12.wav	0	4.24
wav/iwslt2024_bho-hi-1730-201883183955_13.wav	0	2.28
wav/iwslt2024_bho-hi-1730-201883183955_16.wav	0	10.04
wav/iwslt2024_bho-hi-1730-201883183955_18.wav	0	2
wav/iwslt2024_bho-hi-1730-201883183955_21.wav	0	1.64
wav/iwslt2024_bho-hi-1730-201883183955_22.wav	0	1.6
wav/iwslt2024_bho-hi-1730-201883183955_27.wav	0	3.04
wav/iwslt2024_bho-hi-1730-201883183955_28.wav	0	2.08
wav/iwslt2024_bho-hi-1730-201883183955_29.wav	0	2.84
wav/iwslt2024_bho-hi-1730-201883183955_35.wav	0	1.96
wav/iwslt2024_bho-hi-1730-201883183955_36.wav	0	4.16
wav/iwslt2024_bho-hi-1730-201883183955_42.wav	0	2.2
wav/iwslt2024_bho-hi-1730-201883183955_47.wav	0	2.92
wav/iwslt2024_bho-hi-1730-201883183955_57.wav	0	1.64
wav/iwslt2024_bho-hi-1730-201883183955_62.wav	0	3.2
wav/iwslt2024_bho-hi-1730-201883183955_67.wav	0	2.88
wav/iwslt2024_bho-hi-1730-201883183955_72.wav	0	11.84
wav/iwslt2024_bho-hi-1730-201883183955_75.wav	0	1.52
wav/iwslt2024_bho-hi-1730-201883183955_82.wav	0	1.76
wav/iwslt2024_bho-hi-1730-201883183955_84.wav	0	1.52
wav/iwslt2024_bho-hi-1730-201883183955_108.wav	0	2.76
wav/iwslt2024_bho-hi-1730-201883183955_109.wav	0	8.6
wav/iwslt2024_bho-hi-1730-201883183955_110.wav	0	2.12
wav/iwslt2024_bho-hi-1730-201883183955_111.wav	0	3.92
wav/iwslt2024_bho-hi-1730-201883183955_113.wav	0	9.96
wav/iwslt2024_bho-hi-1730-201883183955_114.wav	0	2.84
wav/iwslt2024_bho-hi-1730-201883183955_116.wav	0	2.52
wav/iwslt2024_bho-hi-1730-201883183955_117.wav	0	3.88
wav/iwslt2024_bho-hi-1730-201883183955_118.wav	0	2
wav/iwslt2024_bho-hi-1730-201883183955_119.wav	0	2.24
wav/iwslt2024_bho-hi-1730-201883183955_121.wav	0	2.24
wav/iwslt2024_bho-hi-1730-201883183955_122.wav	0	1.56
wav/iwslt2024_bho-hi-1730-201883183955_123.wav	0	3.88
wav/iwslt2024_bho-hi-1730-201883183955_124.wav	0	3.08
wav/iwslt2024_bho-hi-1730-201883183955_128.wav	0	3.52
wav/iwslt2024_bho-hi-1730-201883183955_129.wav	0	2.28
wav/iwslt2024_bho-hi-1730-201883183955_130.wav	0	3.36
wav/iwslt2024_bho-hi-1730-201883183955_131.wav	0	8.32
wav/iwslt2024_bho-hi-1730-201883183955_137.wav	0	2.04
wav/iwslt2024_bho-hi-1730-201883183955_141.wav	0	1.72
wav/iwslt2024_bho-hi-1730-201884183538_1.wav	0	9.52
wav/iwslt2024_bho-hi-1730-201884183538_2.wav	0	6.16
wav/iwslt2024_bho-hi-1730-201884183538_3.wav	0	11.56
wav/iwslt2024_bho-hi-1730-201884183538_6.wav	0	9.08
wav/iwslt2024_bho-hi-1730-201884183538_7.wav	0	6.36
wav/iwslt2024_bho-hi-1730-201884183538_8.wav	0	8.68
wav/iwslt2024_bho-hi-1730-201884183538_9.wav	0	6.68
wav/iwslt2024_bho-hi-1730-201884183538_11.wav	0	5.04
wav/iwslt2024_bho-hi-1730-201884183538_13.wav	0	6.44
wav/iwslt2024_bho-hi-1730-201884183538_14.wav	0	6.56
wav/iwslt2024_bho-hi-1730-201884183538_15.wav	0	8.72
wav/iwslt2024_bho-hi-1730-201884183538_16.wav	0	6.2
wav/iwslt2024_bho-hi-1730-201884183538_17.wav	0	3.48
wav/iwslt2024_bho-hi-1730-201884183538_18.wav	0	12.8
wav/iwslt2024_bho-hi-1730-201884183538_19.wav	0	4.56
wav/iwslt2024_bho-hi-1730-201884183538_20.wav	0	3.12
wav/iwslt2024_bho-hi-1730-201884183538_21.wav	0	5.44
wav/iwslt2024_bho-hi-1730-201884183538_22.wav	0	5.92
wav/iwslt2024_bho-hi-1730-201884183538_23.wav	0	9.56
wav/iwslt2024_bho-hi-1730-201884183538_24.wav	0	6.28
wav/iwslt2024_bho-hi-1730-201884183538_25.wav	0	6.92
wav/iwslt2024_bho-hi-1730-201884183538_26.wav	0	12.48
wav/iwslt2024_bho-hi-1730-201884183538_27.wav	0	3.56
wav/iwslt2024_bho-hi-1730-201884183538_28.wav	0	5.68
wav/iwslt2024_bho-hi-1730-201884183538_29.wav	0	8.84
wav/iwslt2024_bho-hi-1730-201884183538_30.wav	0	7.12
wav/iwslt2024_bho-hi-1730-201884183538_31.wav	0	6.84
wav/iwslt2024_bho-hi-1730-201884183538_32.wav	0	5.64
wav/iwslt2024_bho-hi-1730-201885191533_3.wav	0	1.84
wav/iwslt2024_bho-hi-1730-201885191533_4.wav	0	3.72
wav/iwslt2024_bho-hi-1730-201885191533_5.wav	0	3.08
wav/iwslt2024_bho-hi-1730-201885191533_10.wav	0	2.88
wav/iwslt2024_bho-hi-1730-201885191533_13.wav	0	3.32
wav/iwslt2024_bho-hi-1730-201885191533_14.wav	0	4.12
wav/iwslt2024_bho-hi-1730-201885191533_19.wav	0	3.44
wav/iwslt2024_bho-hi-1730-201885191533_21.wav	0	2.04
wav/iwslt2024_bho-hi-1730-201885191533_23.wav	0	2.12
wav/iwslt2024_bho-hi-1730-201885191533_27.wav	0	3.56
wav/iwslt2024_bho-hi-1730-201885191533_28.wav	0	2.48
wav/iwslt2024_bho-hi-1730-201885191533_31.wav	0	3.4
wav/iwslt2024_bho-hi-1730-201885191533_42.wav	0	1.76
wav/iwslt2024_bho-hi-1730-201885191533_44.wav	0	2.04
wav/iwslt2024_bho-hi-1730-201885191533_51.wav	0	1.88
wav/iwslt2024_bho-hi-1730-201885191533_52.wav	0	3.8
wav/iwslt2024_bho-hi-1730-201885191533_54.wav	0	2.6
wav/iwslt2024_bho-hi-1730-201885191533_55.wav	0	1.76
wav/iwslt2024_bho-hi-1730-201885191533_63.wav	0	2.2
wav/iwslt2024_bho-hi-1730-201885191533_64.wav	0	12.84
wav/iwslt2024_bho-hi-1730-201885191533_65.wav	0	2.16
wav/iwslt2024_bho-hi-1730-201885191533_68.wav	0	3.08
wav/iwslt2024_bho-hi-1730-201885191533_69.wav	0	1.68
wav/iwslt2024_bho-hi-1730-201885191533_70.wav	0	2.56
wav/iwslt2024_bho-hi-1730-201885191533_71.wav	0	1.92
wav/iwslt2024_bho-hi-1730-201885191533_75.wav	0	1.96
wav/iwslt2024_bho-hi-1730-201885191533_83.wav	0	3.08
wav/iwslt2024_bho-hi-1730-201885191533_84.wav	0	3.16
wav/iwslt2024_bho-hi-1730-201885191533_85.wav	0	2.68
wav/iwslt2024_bho-hi-1730-201885191533_88.wav	0	9.8
wav/iwslt2024_bho-hi-1730-201885191533_89.wav	0	3.44
wav/iwslt2024_bho-hi-1730-201885191533_90.wav	0	5.36
wav/iwslt2024_bho-hi-1730-201885191533_95.wav	0	1.8
wav/iwslt2024_bho-hi-1730-201885191533_98.wav	0	1.96
wav/iwslt2024_bho-hi-1730-201885191533_101.wav	0	2
wav/iwslt2024_bho-hi-1730-201885191533_103.wav	0	2
wav/iwslt2024_bho-hi-1730-201885191533_107.wav	0	2.08
wav/iwslt2024_bho-hi-1730-201885191533_108.wav	0	2.48
wav/iwslt2024_bho-hi-1730-201885191533_109.wav	0	1.52
wav/iwslt2024_bho-hi-1730-201885191533_110.wav	0	1.64
wav/iwslt2024_bho-hi-1730-201885191533_112.wav	0	2.08
wav/iwslt2024_bho-hi-1730-201885191533_116.wav	0	8.24
wav/iwslt2024_bho-hi-1730-201885191533_118.wav	0	1.8
wav/iwslt2024_bho-hi-1730-201885191533_121.wav	0	1.6
wav/iwslt2024_bho-hi-1730-201885191533_127.wav	0	1.68
wav/iwslt2024_bho-hi-1730-201886193956_1.wav	0	8.24
wav/iwslt2024_bho-hi-1730-201886193956_2.wav	0	4.6
wav/iwslt2024_bho-hi-1730-201886193956_3.wav	0	4.92
wav/iwslt2024_bho-hi-1730-201886193956_4.wav	0	3.92
wav/iwslt2024_bho-hi-1730-201886193956_5.wav	0	2.84
wav/iwslt2024_bho-hi-1730-201886193956_6.wav	0	13.6
wav/iwslt2024_bho-hi-1730-201886193956_7.wav	0	11.76
wav/iwslt2024_bho-hi-1730-201886193956_8.wav	0	2.96
wav/iwslt2024_bho-hi-1730-201886193956_9.wav	0	13.84
wav/iwslt2024_bho-hi-1730-201886193956_10.wav	0	3.76
wav/iwslt2024_bho-hi-1730-201886193956_11.wav	0	12.44
wav/iwslt2024_bho-hi-1730-201886193956_12.wav	0	13.6
wav/iwslt2024_bho-hi-1730-201886193956_13.wav	0	6.6
wav/iwslt2024_bho-hi-1730-201886193956_19.wav	0	2.76
wav/iwslt2024_bho-hi-1730-201886193956_21.wav	0	3.48
wav/iwslt2024_bho-hi-1730-201886193956_22.wav	0	7.52
wav/iwslt2024_bho-hi-1730-201886193956_23.wav	0	7.84
wav/iwslt2024_bho-hi-1730-201886193956_24.wav	0	8.84
wav/iwslt2024_bho-hi-1730-201886193956_25.wav	0	8.8
wav/iwslt2024_bho-hi-1730-201886193956_26.wav	0	5.36
wav/iwslt2024_bho-hi-1730-201886193956_27.wav	0	8.12
wav/iwslt2024_bho-hi-1730-201886193956_28.wav	0	10.08
wav/iwslt2024_bho-hi-1730-201886193956_29.wav	0	13.56
wav/iwslt2024_bho-hi-1730-201886193956_30.wav	0	5.12
wav/iwslt2024_bho-hi-1730-201886193956_31.wav	0	3.44
wav/iwslt2024_bho-hi-1730-201886193956_32.wav	0	3.76
wav/iwslt2024_bho-hi-1730-201886193956_33.wav	0	4.52
wav/iwslt2024_bho-hi-1730-201886193956_34.wav	0	2.6
wav/iwslt2024_bho-hi-1730-201886193956_35.wav	0	3.72
wav/iwslt2024_bho-hi-1730-201886193956_36.wav	0	8.76
wav/iwslt2024_bho-hi-1730-201886193956_37.wav	0	3.84
wav/iwslt2024_bho-hi-1730-201886193956_38.wav	0	12.8
wav/iwslt2024_bho-hi-1730-201888194848_1.wav	0	5.76
wav/iwslt2024_bho-hi-1730-201888194848_2.wav	0	14.4
wav/iwslt2024_bho-hi-1730-201888194848_3.wav	0	2.64
wav/iwslt2024_bho-hi-1730-201888194848_4.wav	0	7.52
wav/iwslt2024_bho-hi-1730-201888194848_5.wav	0	5.72
wav/iwslt2024_bho-hi-1730-201888194848_6.wav	0	9.56
wav/iwslt2024_bho-hi-1730-201888194848_7.wav	0	1.84
wav/iwslt2024_bho-hi-1730-201888194848_8.wav	0	3.24
wav/iwslt2024_bho-hi-1730-201888194848_9.wav	0	7.52
wav/iwslt2024_bho-hi-1730-201888194848_10.wav	0	11.52
wav/iwslt2024_bho-hi-1730-201888194848_11.wav	0	8.48
wav/iwslt2024_bho-hi-1730-201888194848_13.wav	0	5.12
wav/iwslt2024_bho-hi-1730-201888194848_14.wav	0	8.8
wav/iwslt2024_bho-hi-1730-201888194848_15.wav	0	6.88
wav/iwslt2024_bho-hi-1730-201888194848_16.wav	0	10.64
wav/iwslt2024_bho-hi-1730-201888194848_17.wav	0	7.32
wav/iwslt2024_bho-hi-1730-201888194848_18.wav	0	7.24
wav/iwslt2024_bho-hi-1730-201888194848_19.wav	0	15
wav/iwslt2024_bho-hi-1730-201888194848_20.wav	0	4.72
wav/iwslt2024_bho-hi-1730-201888194848_21.wav	0	11.88
wav/iwslt2024_bho-hi-1730-201888194848_23.wav	0	3.28
wav/iwslt2024_bho-hi-1730-201888194848_24.wav	0	2.6
wav/iwslt2024_bho-hi-1730-201888194848_25.wav	0	9.88
wav/iwslt2024_bho-hi-1730-201888194848_26.wav	0	5.88
wav/iwslt2024_bho-hi-1730-201888194848_27.wav	0	8.88
wav/iwslt2024_bho-hi-1730-201888194848_28.wav	0	8.28
wav/iwslt2024_bho-hi-1730-201888194848_29.wav	0	4.2
wav/iwslt2024_bho-hi-1730-201888194848_30.wav	0	5.64
wav/iwslt2024_bho-hi-1730-201888194848_31.wav	0	8.76
wav/iwslt2024_bho-hi-1730-201888194848_32.wav	0	3.2
wav/iwslt2024_bho-hi-1730-201888194848_33.wav	0	4.48
wav/iwslt2024_bho-hi-1730-201888194848_34.wav	0	3.36
wav/iwslt2024_bho-hi-1730-201888194848_35.wav	0	4.36
wav/iwslt2024_bho-hi-1730-201891183949_1.wav	0	5.2
wav/iwslt2024_bho-hi-1730-201891183949_2.wav	0	2.96
wav/iwslt2024_bho-hi-1730-201891183949_4.wav	0	2.8
wav/iwslt2024_bho-hi-1730-201891183949_6.wav	0	2.52
wav/iwslt2024_bho-hi-1730-201891183949_7.wav	0	3.16
wav/iwslt2024_bho-hi-1730-201891183949_10.wav	0	2.08
wav/iwslt2024_bho-hi-1730-201891183949_12.wav	0	1.72
wav/iwslt2024_bho-hi-1730-201891183949_13.wav	0	13.96
wav/iwslt2024_bho-hi-1730-201891183949_14.wav	0	2
wav/iwslt2024_bho-hi-1730-201891183949_19.wav	0	2.36
wav/iwslt2024_bho-hi-1730-201891183949_21.wav	0	2.52
wav/iwslt2024_bho-hi-1730-201891183949_22.wav	0	2.04
wav/iwslt2024_bho-hi-1730-201891183949_26.wav	0	2.88
wav/iwslt2024_bho-hi-1730-201891183949_28.wav	0	1.72
wav/iwslt2024_bho-hi-1730-201891183949_29.wav	0	3.2
wav/iwslt2024_bho-hi-1730-201891183949_30.wav	0	1.64
wav/iwslt2024_bho-hi-1730-201891183949_35.wav	0	2.6
wav/iwslt2024_bho-hi-1730-201891183949_36.wav	0	2.28
wav/iwslt2024_bho-hi-1730-201891183949_37.wav	0	2.04
wav/iwslt2024_bho-hi-1730-201891183949_45.wav	0	2.56
wav/iwslt2024_bho-hi-1730-201891183949_50.wav	0	2.52
wav/iwslt2024_bho-hi-1730-201891183949_51.wav	0	2.72
wav/iwslt2024_bho-hi-1730-201891183949_53.wav	0	2.88
wav/iwslt2024_bho-hi-1730-201891183949_54.wav	0	2.16
wav/iwslt2024_bho-hi-1730-201891183949_55.wav	0	1.96
wav/iwslt2024_bho-hi-1730-201891183949_56.wav	0	2.08
wav/iwslt2024_bho-hi-1730-201891183949_57.wav	0	2.28
wav/iwslt2024_bho-hi-1730-201891183949_58.wav	0	2.96
wav/iwslt2024_bho-hi-1730-201891183949_59.wav	0	4.24
wav/iwslt2024_bho-hi-1730-201891183949_61.wav	0	11.56
wav/iwslt2024_bho-hi-1730-201891183949_62.wav	0	2.84
wav/iwslt2024_bho-hi-1730-201891183949_63.wav	0	2.48
wav/iwslt2024_bho-hi-1730-201891183949_69.wav	0	2.52
wav/iwslt2024_bho-hi-1730-201891183949_70.wav	0	1.96
wav/iwslt2024_bho-hi-1730-201891183949_71.wav	0	1.88
wav/iwslt2024_bho-hi-1730-201891183949_72.wav	0	2.04
wav/iwslt2024_bho-hi-1730-201891183949_77.wav	0	3.52
wav/iwslt2024_bho-hi-1730-201891183949_81.wav	0	2.76
wav/iwslt2024_bho-hi-1730-201891183949_82.wav	0	2.56
wav/iwslt2024_bho-hi-1730-201891183949_85.wav	0	2.4
wav/iwslt2024_bho-hi-1730-201891183949_87.wav	0	3.68
wav/iwslt2024_bho-hi-1730-201891183949_89.wav	0	3.16
wav/iwslt2024_bho-hi-1730-201891183949_90.wav	0	2.04
wav/iwslt2024_bho-hi-1730-201891183949_101.wav	0	3.8
wav/iwslt2024_bho-hi-1730-201891183949_102.wav	0	2.04
wav/iwslt2024_bho-hi-1730-201891183949_106.wav	0	1.52
wav/iwslt2024_bho-hi-1730-201891183949_120.wav	0	2.48
wav/iwslt2024_bho-hi-1730-201891183949_125.wav	0	2.84
wav/iwslt2024_bho-hi-1730-201891183949_126.wav	0	4
wav/iwslt2024_bho-hi-1730-201891183949_128.wav	0	2.36
wav/iwslt2024_bho-hi-1730-201891183949_131.wav	0	1.56
wav/iwslt2024_bho-hi-1730-201891183949_133.wav	0	2.44
wav/iwslt2024_bho-hi-1730-201891183949_134.wav	0	6.56
wav/iwslt2024_bho-hi-1730-201891183949_142.wav	0	2.72
wav/iwslt2024_bho-hi-1730-201891819835_2.wav	0	8.16
wav/iwslt2024_bho-hi-1730-201891819835_3.wav	0	10.04
wav/iwslt2024_bho-hi-1730-201891819835_6.wav	0	4.96
wav/iwslt2024_bho-hi-1730-201891819835_7.wav	0	7.76
wav/iwslt2024_bho-hi-1730-201891819835_8.wav	0	8.2
wav/iwslt2024_bho-hi-1730-201891819835_10.wav	0	4.76
wav/iwslt2024_bho-hi-1730-201891819835_11.wav	0	11.64
wav/iwslt2024_bho-hi-1730-201891819835_12.wav	0	9.28
wav/iwslt2024_bho-hi-1730-201891819835_13.wav	0	6.96
wav/iwslt2024_bho-hi-1730-201891819835_14.wav	0	3.56
wav/iwslt2024_bho-hi-1730-201891819835_16.wav	0	7.08
wav/iwslt2024_bho-hi-1730-201891819835_17.wav	0	5.08
wav/iwslt2024_bho-hi-1730-201891819835_18.wav	0	2.68
wav/iwslt2024_bho-hi-1730-201891819835_19.wav	0	6.96
wav/iwslt2024_bho-hi-1730-201891819835_20.wav	0	5.36
wav/iwslt2024_bho-hi-1730-201891819835_21.wav	0	2.56
wav/iwslt2024_bho-hi-1730-201891819835_22.wav	0	6.32
wav/iwslt2024_bho-hi-1730-201891819835_23.wav	0	5.32
wav/iwslt2024_bho-hi-1730-201891819835_24.wav	0	11.72
wav/iwslt2024_bho-hi-1730-201891819835_25.wav	0	7.44
wav/iwslt2024_bho-hi-1730-201891819835_26.wav	0	4.2
wav/iwslt2024_bho-hi-1730-201891819835_27.wav	0	7.76
wav/iwslt2024_bho-hi-1730-201891819835_28.wav	0	4.6
wav/iwslt2024_bho-hi-1730-201891819835_29.wav	0	5.84
wav/iwslt2024_bho-hi-1730-201891819835_30.wav	0	14.96
wav/iwslt2024_bho-hi-1730-201891819835_31.wav	0	9.36
wav/iwslt2024_bho-hi-1730-201891819835_32.wav	0	13.44
wav/iwslt2024_bho-hi-1730-201891919224_1.wav	0	12.88
wav/iwslt2024_bho-hi-1730-201891919224_2.wav	0	9.2
wav/iwslt2024_bho-hi-1730-201891919224_3.wav	0	7.68
wav/iwslt2024_bho-hi-1730-201891919224_4.wav	0	9
wav/iwslt2024_bho-hi-1730-201891919224_5.wav	0	4.48
wav/iwslt2024_bho-hi-1730-201891919224_6.wav	0	2.4
wav/iwslt2024_bho-hi-1730-201891919224_7.wav	0	4.24
wav/iwslt2024_bho-hi-1730-201891919224_8.wav	0	9.16
wav/iwslt2024_bho-hi-1730-201891919224_9.wav	0	6.96
wav/iwslt2024_bho-hi-1730-201891919224_10.wav	0	6.24
wav/iwslt2024_bho-hi-1730-201891919224_13.wav	0	8.2
wav/iwslt2024_bho-hi-1730-201891919224_14.wav	0	6.96
wav/iwslt2024_bho-hi-1730-201891919224_17.wav	0	8.44
wav/iwslt2024_bho-hi-1730-201891919224_18.wav	0	9.04
wav/iwslt2024_bho-hi-1730-201891919224_19.wav	0	5.12
wav/iwslt2024_bho-hi-1730-201891919224_21.wav	0	4.36
wav/iwslt2024_bho-hi-1730-201891919224_22.wav	0	9.88
wav/iwslt2024_bho-hi-1730-201891919224_23.wav	0	10.4
wav/iwslt2024_bho-hi-1730-201891919224_24.wav	0	8.44
wav/iwslt2024_bho-hi-1730-201891919224_25.wav	0	12.44
wav/iwslt2024_bho-hi-1730-201891919224_26.wav	0	5.68
wav/iwslt2024_bho-hi-1730-201891919224_27.wav	0	9.96
wav/iwslt2024_bho-hi-1730-201892019032_1.wav	0	5.08
wav/iwslt2024_bho-hi-1730-201892019032_2.wav	0	6.72
wav/iwslt2024_bho-hi-1730-201892019032_3.wav	0	6.88
wav/iwslt2024_bho-hi-1730-201892019032_4.wav	0	14.84
wav/iwslt2024_bho-hi-1730-201892019032_5.wav	0	5.96
wav/iwslt2024_bho-hi-1730-201892019032_6.wav	0	7.68
wav/iwslt2024_bho-hi-1730-201892019032_7.wav	0	11.56
wav/iwslt2024_bho-hi-1730-201892019032_8.wav	0	7.16
wav/iwslt2024_bho-hi-1730-201892019032_9.wav	0	9.52
wav/iwslt2024_bho-hi-1730-201892019032_10.wav	0	14.96
wav/iwslt2024_bho-hi-1730-201892019032_11.wav	0	10.28
wav/iwslt2024_bho-hi-1730-201892019032_12.wav	0	5.16
wav/iwslt2024_bho-hi-1730-201892019032_13.wav	0	4.32
wav/iwslt2024_bho-hi-1730-201892019032_14.wav	0	2.72
wav/iwslt2024_bho-hi-1730-201892019032_15.wav	0	5.84
wav/iwslt2024_bho-hi-1730-201892019032_16.wav	0	5.16
wav/iwslt2024_bho-hi-1730-201892019032_17.wav	0	7.88
wav/iwslt2024_bho-hi-1730-201892019032_18.wav	0	11.72
wav/iwslt2024_bho-hi-1730-201892019032_19.wav	0	9.4
wav/iwslt2024_bho-hi-1730-201892019032_21.wav	0	12.16
wav/iwslt2024_bho-hi-1730-201892019032_22.wav	0	10.56
wav/iwslt2024_bho-hi-1730-201892019032_23.wav	0	12.36
wav/iwslt2024_bho-hi-1730-201892019032_24.wav	0	5.92
wav/iwslt2024_bho-hi-1730-201892019032_25.wav	0	10.76
wav/iwslt2024_bho-hi-1730-201892019032_26.wav	0	6.4
wav/iwslt2024_bho-hi-1730-201892019032_27.wav	0	7.28
wav/iwslt2024_bho-hi-1730-201892019032_28.wav	0	4.84
wav/iwslt2024_bho-hi-1730-201892019032_29.wav	0	10.88
wav/iwslt2024_bho-hi-1730-201892019032_30.wav	0	4.96
wav/iwslt2024_bho-hi-1730-201892019032_31.wav	0	7.92
wav/iwslt2024_bho-hi-1730-201892019032_32.wav	0	3.76
wav/iwslt2024_bho-hi-1730-201892019032_33.wav	0	5.88
wav/iwslt2024_bho-hi-1730-201892019032_34.wav	0	7.64
wav/iwslt2024_bho-hi-1730-201892019032_35.wav	0	2.04
wav/iwslt2024_bho-hi-1730-201892019032_36.wav	0	7.08
wav/iwslt2024_bho-hi-1730-201892019032_37.wav	0	11.8
wav/iwslt2024_bho-hi-1730-201892419637_1.wav	0	8.6
wav/iwslt2024_bho-hi-1730-201892419637_2.wav	0	7.56
wav/iwslt2024_bho-hi-1730-201892419637_3.wav	0	6.2
wav/iwslt2024_bho-hi-1730-201892419637_4.wav	0	6.44
wav/iwslt2024_bho-hi-1730-201892419637_5.wav	0	8.04
wav/iwslt2024_bho-hi-1730-201892419637_7.wav	0	7.16
wav/iwslt2024_bho-hi-1730-201892419637_8.wav	0	7.2
wav/iwslt2024_bho-hi-1730-201892419637_9.wav	0	6.84
wav/iwslt2024_bho-hi-1730-201892419637_10.wav	0	7.32
wav/iwslt2024_bho-hi-1730-201892419637_11.wav	0	13.04
wav/iwslt2024_bho-hi-1730-201892419637_12.wav	0	10
wav/iwslt2024_bho-hi-1730-201892419637_13.wav	0	8.08
wav/iwslt2024_bho-hi-1730-201892419637_14.wav	0	2.4
wav/iwslt2024_bho-hi-1730-201892419637_15.wav	0	7.36
wav/iwslt2024_bho-hi-1730-201892419637_16.wav	0	4.96
wav/iwslt2024_bho-hi-1730-201892419637_17.wav	0	3.32
wav/iwslt2024_bho-hi-1730-201892419637_18.wav	0	3.04
wav/iwslt2024_bho-hi-1730-201892419637_19.wav	0	2.96
wav/iwslt2024_bho-hi-1730-201892419637_25.wav	0	2.88
wav/iwslt2024_bho-hi-1730-201892419637_27.wav	0	6.4
wav/iwslt2024_bho-hi-1730-201892419637_28.wav	0	3.16
wav/iwslt2024_bho-hi-1730-201892419637_29.wav	0	4.24
wav/iwslt2024_bho-hi-1730-201892419637_30.wav	0	4.08
wav/iwslt2024_bho-hi-1730-201892419637_31.wav	0	7.08
wav/iwslt2024_bho-hi-1730-201892419637_32.wav	0	10.72
wav/iwslt2024_bho-hi-1730-201892419637_33.wav	0	10.6
wav/iwslt2024_bho-hi-1730-201892419637_34.wav	0	7.72
wav/iwslt2024_bho-hi-1730-201892519753_1.wav	0	6.56
wav/iwslt2024_bho-hi-1730-201892519753_2.wav	0	6.36
wav/iwslt2024_bho-hi-1730-201892519753_3.wav	0	4.16
wav/iwslt2024_bho-hi-1730-201892519753_4.wav	0	7.4
wav/iwslt2024_bho-hi-1730-201892519753_5.wav	0	3.76
wav/iwslt2024_bho-hi-1730-201892519753_6.wav	0	14.92
wav/iwslt2024_bho-hi-1730-201892519753_7.wav	0	3.4
wav/iwslt2024_bho-hi-1730-201892519753_8.wav	0	10.64
wav/iwslt2024_bho-hi-1730-201892519753_9.wav	0	9.16
wav/iwslt2024_bho-hi-1730-201892519753_10.wav	0	11.88
wav/iwslt2024_bho-hi-1730-201892519753_11.wav	0	7.72
wav/iwslt2024_bho-hi-1730-201892519753_12.wav	0	13.32
wav/iwslt2024_bho-hi-1730-201892519753_13.wav	0	12.44
wav/iwslt2024_bho-hi-1730-201892519753_14.wav	0	8.32
wav/iwslt2024_bho-hi-1730-201892519753_15.wav	0	5.68
wav/iwslt2024_bho-hi-1730-201892519753_16.wav	0	5.68
wav/iwslt2024_bho-hi-1730-201892519753_17.wav	0	4.04
wav/iwslt2024_bho-hi-1730-201892519753_18.wav	0	4.16
wav/iwslt2024_bho-hi-1730-201892519753_19.wav	0	12.2
wav/iwslt2024_bho-hi-1730-201892519753_20.wav	0	14.24
wav/iwslt2024_bho-hi-1730-201892519753_22.wav	0	11.92
wav/iwslt2024_bho-hi-1730-201892519753_23.wav	0	7.96
wav/iwslt2024_bho-hi-1730-201892519753_24.wav	0	4.4
wav/iwslt2024_bho-hi-1730-201892519753_25.wav	0	11.52
wav/iwslt2024_bho-hi-1730-201892519753_26.wav	0	11.68
wav/iwslt2024_bho-hi-1730-201892919652_1.wav	0	4.08
wav/iwslt2024_bho-hi-1730-201892919652_2.wav	0	6.24
wav/iwslt2024_bho-hi-1730-201892919652_3.wav	0	11.04
wav/iwslt2024_bho-hi-1730-201892919652_4.wav	0	5
wav/iwslt2024_bho-hi-1730-201892919652_5.wav	0	12.08
wav/iwslt2024_bho-hi-1730-201892919652_6.wav	0	11.32
wav/iwslt2024_bho-hi-1730-201892919652_7.wav	0	13.48
wav/iwslt2024_bho-hi-1730-201892919652_8.wav	0	12.44
wav/iwslt2024_bho-hi-1730-201892919652_9.wav	0	5.24
wav/iwslt2024_bho-hi-1730-201892919652_10.wav	0	7
wav/iwslt2024_bho-hi-1730-201892919652_11.wav	0	11.68
wav/iwslt2024_bho-hi-1730-201892919652_12.wav	0	12.6
wav/iwslt2024_bho-hi-1730-201892919652_13.wav	0	6.92
wav/iwslt2024_bho-hi-1730-201892919652_14.wav	0	12.8
wav/iwslt2024_bho-hi-1730-201892919652_15.wav	0	10.08
wav/iwslt2024_bho-hi-1730-201892919652_16.wav	0	9.32
wav/iwslt2024_bho-hi-1730-201892919652_17.wav	0	6.2
wav/iwslt2024_bho-hi-1730-201892919652_18.wav	0	14.88
wav/iwslt2024_bho-hi-1730-201892919652_19.wav	0	6.16
wav/iwslt2024_bho-hi-1730-201892919652_20.wav	0	4
wav/iwslt2024_bho-hi-1730-201892919652_21.wav	0	5.32
wav/iwslt2024_bho-hi-1730-201892919652_22.wav	0	5.8
wav/iwslt2024_bho-hi-1730-201892919652_23.wav	0	8.08
wav/iwslt2024_bho-hi-1730-201892919652_24.wav	0	8.6
wav/iwslt2024_bho-hi-1730-201892919652_25.wav	0	4
wav/iwslt2024_bho-hi-1730-201892919652_26.wav	0	7.96
wav/iwslt2024_bho-hi-1730-201892919652_27.wav	0	6.96
wav/iwslt2024_bho-hi-1730-201892919652_28.wav	0	9.6
wav/iwslt2024_bho-hi-1730-201892919652_29.wav	0	8.12
wav/iwslt2024_bho-hi-1730-201892919652_30.wav	0	7.36
wav/iwslt2024_bho-hi-1730-201892919652_31.wav	0	5.12
wav/iwslt2024_bho-hi-1730-201892919652_32.wav	0	5.84
wav/iwslt2024_bho-hi-1730-201892919652_33.wav	0	14.56
wav/iwslt2024_bho-hi-1730-201894192257_11.wav	0	2.12
wav/iwslt2024_bho-hi-1730-201894192257_13.wav	0	2.56
wav/iwslt2024_bho-hi-1730-201894192257_14.wav	0	3.76
wav/iwslt2024_bho-hi-1730-201894192257_15.wav	0	1.52
wav/iwslt2024_bho-hi-1730-201894192257_18.wav	0	1.76
wav/iwslt2024_bho-hi-1730-201894192257_20.wav	0	4.04
wav/iwslt2024_bho-hi-1730-201894192257_23.wav	0	1.8
wav/iwslt2024_bho-hi-1730-201894192257_27.wav	0	1.84
wav/iwslt2024_bho-hi-1730-201894192257_28.wav	0	1.6
wav/iwslt2024_bho-hi-1730-201894192257_35.wav	0	2.36
wav/iwslt2024_bho-hi-1730-201894192257_36.wav	0	4.92
wav/iwslt2024_bho-hi-1730-201894192257_40.wav	0	2.8
wav/iwslt2024_bho-hi-1730-201894192257_41.wav	0	1.92
wav/iwslt2024_bho-hi-1730-201894192257_45.wav	0	10.4
wav/iwslt2024_bho-hi-1730-201894192257_48.wav	0	2.44
wav/iwslt2024_bho-hi-1730-201894192257_56.wav	0	1.6
wav/iwslt2024_bho-hi-1730-201894192257_60.wav	0	1.56
wav/iwslt2024_bho-hi-1730-201894192257_64.wav	0	2.68
wav/iwslt2024_bho-hi-1730-201894192257_65.wav	0	3.6
wav/iwslt2024_bho-hi-1730-201894192257_66.wav	0	2.64
wav/iwslt2024_bho-hi-1730-201894192257_72.wav	0	2.92
wav/iwslt2024_bho-hi-1730-201894192257_73.wav	0	2.8
wav/iwslt2024_bho-hi-1730-201894192257_85.wav	0	1.76
wav/iwslt2024_bho-hi-1730-201894192257_86.wav	0	3.04
wav/iwslt2024_bho-hi-1730-201894192257_87.wav	0	2.64
wav/iwslt2024_bho-hi-1730-201894192257_90.wav	0	12.64
wav/iwslt2024_bho-hi-1730-201894192257_94.wav	0	2.84
wav/iwslt2024_bho-hi-1730-201894192257_95.wav	0	2.48
wav/iwslt2024_bho-hi-1730-201894192257_96.wav	0	2.04
wav/iwslt2024_bho-hi-1730-201894192257_98.wav	0	2.08
wav/iwslt2024_bho-hi-1730-201894192257_99.wav	0	2.84
wav/iwslt2024_bho-hi-1730-201894192257_105.wav	0	1.76
wav/iwslt2024_bho-hi-1730-201894192257_106.wav	0	2.04
wav/iwslt2024_bho-hi-1730-201894192257_108.wav	0	3.96
wav/iwslt2024_bho-hi-1730-201894192257_109.wav	0	5.64
wav/iwslt2024_bho-hi-1730-201894192257_110.wav	0	3.24
wav/iwslt2024_bho-hi-1730-201894192257_113.wav	0	2.96
wav/iwslt2024_bho-hi-1730-201894192257_114.wav	0	5.04
wav/iwslt2024_bho-hi-1730-201894192257_115.wav	0	2.56
wav/iwslt2024_bho-hi-1730-201894192257_116.wav	0	4.92
wav/iwslt2024_bho-hi-1730-201894192257_117.wav	0	2.28
wav/iwslt2024_bho-hi-1730-201894192257_125.wav	0	2.48
wav/iwslt2024_bho-hi-1730-201894192257_126.wav	0	1.64
wav/iwslt2024_bho-hi-1730-201899192418_1.wav	0	1.68
wav/iwslt2024_bho-hi-1730-201899192418_7.wav	0	1.84
wav/iwslt2024_bho-hi-1730-201899192418_11.wav	0	2
wav/iwslt2024_bho-hi-1730-201899192418_12.wav	0	1.56
wav/iwslt2024_bho-hi-1730-201899192418_13.wav	0	1.76
wav/iwslt2024_bho-hi-1730-201899192418_19.wav	0	3.16
wav/iwslt2024_bho-hi-1730-201899192418_20.wav	0	1.96
wav/iwslt2024_bho-hi-1730-201899192418_21.wav	0	1.76
wav/iwslt2024_bho-hi-1730-201899192418_22.wav	0	2.32
wav/iwslt2024_bho-hi-1730-201899192418_23.wav	0	1.76
wav/iwslt2024_bho-hi-1730-201899192418_24.wav	0	12
wav/iwslt2024_bho-hi-1730-201899192418_25.wav	0	3.32
wav/iwslt2024_bho-hi-1730-201899192418_27.wav	0	1.72
wav/iwslt2024_bho-hi-1730-201899192418_31.wav	0	1.96
wav/iwslt2024_bho-hi-1730-201899192418_32.wav	0	3.52
wav/iwslt2024_bho-hi-1730-201899192418_33.wav	0	3.04
wav/iwslt2024_bho-hi-1730-201899192418_34.wav	0	5.12
wav/iwslt2024_bho-hi-1730-201899192418_48.wav	0	2.4
wav/iwslt2024_bho-hi-1730-201899192418_49.wav	0	2.76
wav/iwslt2024_bho-hi-1730-201899192418_53.wav	0	2.24
wav/iwslt2024_bho-hi-1730-201899192418_54.wav	0	2.36
wav/iwslt2024_bho-hi-1730-201899192418_56.wav	0	1.76
wav/iwslt2024_bho-hi-1730-201899192418_57.wav	0	1.56
wav/iwslt2024_bho-hi-1730-201899192418_68.wav	0	1.88
wav/iwslt2024_bho-hi-1730-201899192418_76.wav	0	2.84
wav/iwslt2024_bho-hi-1730-201899192418_78.wav	0	2.08
wav/iwslt2024_bho-hi-1730-201899192418_79.wav	0	3
wav/iwslt2024_bho-hi-1730-201899192418_80.wav	0	1.72
wav/iwslt2024_bho-hi-1730-201899192418_84.wav	0	1.72
wav/iwslt2024_bho-hi-1730-201899192418_85.wav	0	3.64
wav/iwslt2024_bho-hi-1730-201899192418_86.wav	0	1.76
wav/iwslt2024_bho-hi-1730-201899192418_90.wav	0	2.36
wav/iwslt2024_bho-hi-1730-201899192418_92.wav	0	1.6
wav/iwslt2024_bho-hi-1730-201899192418_94.wav	0	1.6
wav/iwslt2024_bho-hi-1730-201899192418_95.wav	0	2.24
wav/iwslt2024_bho-hi-1730-201899192418_97.wav	0	2.52
wav/iwslt2024_bho-hi-1730-201899192418_98.wav	0	1.76
wav/iwslt2024_bho-hi-1730-201899192418_99.wav	0	2.8
wav/iwslt2024_bho-hi-1730-201899192418_101.wav	0	4.8
wav/iwslt2024_bho-hi-1730-201899192418_102.wav	0	2.96
wav/iwslt2024_bho-hi-1730-201899192418_103.wav	0	2.2
wav/iwslt2024_bho-hi-1730-201899192418_111.wav	0	2
wav/iwslt2024_bho-hi-1730-201899192418_112.wav	0	1.96
wav/iwslt2024_bho-hi-1730-201910719536_1.wav	0	8.96
wav/iwslt2024_bho-hi-1730-201910719536_4.wav	0	5.64
wav/iwslt2024_bho-hi-1730-201910719536_5.wav	0	10.08
wav/iwslt2024_bho-hi-1730-201910719536_6.wav	0	9.84
wav/iwslt2024_bho-hi-1730-201910719536_7.wav	0	4.88
wav/iwslt2024_bho-hi-1730-201910719536_8.wav	0	6.96
wav/iwslt2024_bho-hi-1730-201910719536_10.wav	0	6.04
wav/iwslt2024_bho-hi-1730-201910719536_11.wav	0	7.44
wav/iwslt2024_bho-hi-1730-201910719536_12.wav	0	8.8
wav/iwslt2024_bho-hi-1730-201910719536_13.wav	0	2.92
wav/iwslt2024_bho-hi-1730-201910719536_14.wav	0	7.52
wav/iwslt2024_bho-hi-1730-201910719536_15.wav	0	9.36
wav/iwslt2024_bho-hi-1730-201910719536_16.wav	0	2.92
wav/iwslt2024_bho-hi-1730-201910719536_17.wav	0	5.2
wav/iwslt2024_bho-hi-1730-201910719536_18.wav	0	4.64
wav/iwslt2024_bho-hi-1730-201910719536_19.wav	0	2.72
wav/iwslt2024_bho-hi-1730-201910719536_20.wav	0	8.4
wav/iwslt2024_bho-hi-1730-201910719536_21.wav	0	7.16
wav/iwslt2024_bho-hi-1730-201910719536_22.wav	0	14.4
wav/iwslt2024_bho-hi-1730-201910719536_23.wav	0	3.52
wav/iwslt2024_bho-hi-1730-201910719536_24.wav	0	4.76
wav/iwslt2024_bho-hi-1730-201910719536_26.wav	0	3.84
wav/iwslt2024_bho-hi-1730-201910719536_27.wav	0	5.12
wav/iwslt2024_bho-hi-1730-201910719536_28.wav	0	7.52
wav/iwslt2024_bho-hi-1730-201910719536_29.wav	0	5
wav/iwslt2024_bho-hi-1730-201910719536_30.wav	0	5.04
wav/iwslt2024_bho-hi-1730-201910719536_31.wav	0	5.68
wav/iwslt2024_bho-hi-1730-201910719536_32.wav	0	4.88
wav/iwslt2024_bho-hi-1730-201910719536_33.wav	0	9.12
wav/iwslt2024_bho-hi-1730-201910719536_34.wav	0	3.6
wav/iwslt2024_bho-hi-1730-201910719536_35.wav	0	4.96
wav/iwslt2024_bho-hi-1730-201910719536_36.wav	0	8.52
wav/iwslt2024_bho-hi-1730-201910719536_37.wav	0	7.72
wav/iwslt2024_bho-hi-1730-201910819215_1.wav	0	6.92
wav/iwslt2024_bho-hi-1730-201910819215_2.wav	0	7.52
wav/iwslt2024_bho-hi-1730-201910819215_3.wav	0	10.88
wav/iwslt2024_bho-hi-1730-201910819215_6.wav	0	14.2
wav/iwslt2024_bho-hi-1730-201910819215_7.wav	0	9.6
wav/iwslt2024_bho-hi-1730-201910819215_8.wav	0	12.64
wav/iwslt2024_bho-hi-1730-201910819215_9.wav	0	10.24
wav/iwslt2024_bho-hi-1730-201910819215_10.wav	0	11.08
wav/iwslt2024_bho-hi-1730-201910819215_19.wav	0	14.92
wav/iwslt2024_bho-hi-1730-201910819215_20.wav	0	7.84
wav/iwslt2024_bho-hi-1730-201910819215_21.wav	0	10.48
wav/iwslt2024_bho-hi-1730-201910819215_23.wav	0	13.44
wav/iwslt2024_bho-hi-1730-201910819215_24.wav	0	11.36
wav/iwslt2024_bho-hi-1730-201910819215_28.wav	0	11.56
wav/iwslt2024_bho-hi-1730-201910819215_29.wav	0	15
wav/iwslt2024_bho-hi-1730-201910819215_30.wav	0	3.76
wav/iwslt2024_bho-hi-1730-201910819215_31.wav	0	7.76
wav/iwslt2024_bho-hi-1730-201910819215_32.wav	0	8.24
wav/iwslt2024_bho-hi-1730-201910819215_33.wav	0	7.32
wav/iwslt2024_bho-hi-1730-201911019472_1.wav	0	8.88
wav/iwslt2024_bho-hi-1730-201911019472_2.wav	0	10.68
wav/iwslt2024_bho-hi-1730-201911019472_3.wav	0	9.96
wav/iwslt2024_bho-hi-1730-201911019472_4.wav	0	8.12
wav/iwslt2024_bho-hi-1730-201911019472_5.wav	0	6.08
wav/iwslt2024_bho-hi-1730-201911019472_6.wav	0	8.96
wav/iwslt2024_bho-hi-1730-201911019472_7.wav	0	5.48
wav/iwslt2024_bho-hi-1730-201911019472_8.wav	0	14.44
wav/iwslt2024_bho-hi-1730-201911019472_9.wav	0	2.36
wav/iwslt2024_bho-hi-1730-201911019472_10.wav	0	2.76
wav/iwslt2024_bho-hi-1730-201911019472_11.wav	0	9.92
wav/iwslt2024_bho-hi-1730-201911019472_12.wav	0	6.4
wav/iwslt2024_bho-hi-1730-201911019472_13.wav	0	3.44
wav/iwslt2024_bho-hi-1730-201911019472_15.wav	0	9.48
wav/iwslt2024_bho-hi-1730-201911019472_17.wav	0	6.84
wav/iwslt2024_bho-hi-1730-201911019472_18.wav	0	4.92
wav/iwslt2024_bho-hi-1730-201911019472_19.wav	0	8.24
wav/iwslt2024_bho-hi-1730-201911019472_20.wav	0	2.72
wav/iwslt2024_bho-hi-1730-201911019472_21.wav	0	5.64
wav/iwslt2024_bho-hi-1730-201911019472_22.wav	0	7.76
wav/iwslt2024_bho-hi-1730-201911019472_23.wav	0	11.52
wav/iwslt2024_bho-hi-1730-201911019472_24.wav	0	5.28
wav/iwslt2024_bho-hi-1730-201911019472_25.wav	0	9.52
wav/iwslt2024_bho-hi-1730-201911019472_26.wav	0	7.08
wav/iwslt2024_bho-hi-1730-201911019472_27.wav	0	10.96
wav/iwslt2024_bho-hi-1730-201911019472_28.wav	0	7.24
wav/iwslt2024_bho-hi-1730-201911019472_29.wav	0	8.8
wav/iwslt2024_bho-hi-1730-201911019472_30.wav	0	10.96
wav/iwslt2024_bho-hi-1730-201911194250_2.wav	0	4.52
wav/iwslt2024_bho-hi-1730-201911194250_3.wav	0	12.88
wav/iwslt2024_bho-hi-1730-201911194250_4.wav	0	7.08
wav/iwslt2024_bho-hi-1730-201911194250_5.wav	0	9.96
wav/iwslt2024_bho-hi-1730-201911194250_6.wav	0	6.48
wav/iwslt2024_bho-hi-1730-201911194250_7.wav	0	7.72
wav/iwslt2024_bho-hi-1730-201911194250_8.wav	0	5.32
wav/iwslt2024_bho-hi-1730-201911194250_9.wav	0	13.12
wav/iwslt2024_bho-hi-1730-201911194250_10.wav	0	5
wav/iwslt2024_bho-hi-1730-201911194250_11.wav	0	6.28
wav/iwslt2024_bho-hi-1730-201911194250_12.wav	0	13.04
wav/iwslt2024_bho-hi-1730-201911194250_13.wav	0	4.92
wav/iwslt2024_bho-hi-1730-201911194250_14.wav	0	9.24
wav/iwslt2024_bho-hi-1730-201911194250_15.wav	0	4.52
wav/iwslt2024_bho-hi-1730-201911194250_16.wav	0	5.32
wav/iwslt2024_bho-hi-1730-201911194250_17.wav	0	5.64
wav/iwslt2024_bho-hi-1730-201911194250_18.wav	0	9.32
wav/iwslt2024_bho-hi-1730-201911194250_20.wav	0	6.48
wav/iwslt2024_bho-hi-1730-201911194250_21.wav	0	13.88
wav/iwslt2024_bho-hi-1730-201911194250_22.wav	0	4.92
wav/iwslt2024_bho-hi-1730-201911194250_23.wav	0	4.8
wav/iwslt2024_bho-hi-1730-201911194250_24.wav	0	8.52
wav/iwslt2024_bho-hi-1730-201911194250_25.wav	0	2.52
wav/iwslt2024_bho-hi-1730-201911194250_26.wav	0	4.2
wav/iwslt2024_bho-hi-1730-201911194250_27.wav	0	3.36
wav/iwslt2024_bho-hi-1730-201911194250_28.wav	0	7.08
wav/iwslt2024_bho-hi-1730-201911194250_29.wav	0	9.44
wav/iwslt2024_bho-hi-1730-201911194250_30.wav	0	7
wav/iwslt2024_bho-hi-1730-201911194250_31.wav	0	10.8
wav/iwslt2024_bho-hi-1730-201911194250_32.wav	0	2.72
wav/iwslt2024_bho-hi-1730-201911194250_33.wav	0	3.84
wav/iwslt2024_bho-hi-1730-201911194250_34.wav	0	11.04
wav/iwslt2024_bho-hi-1730-201911219400_1.wav	0	12.32
wav/iwslt2024_bho-hi-1730-201911219400_2.wav	0	11.12
wav/iwslt2024_bho-hi-1730-201911219400_4.wav	0	6.68
wav/iwslt2024_bho-hi-1730-201911219400_5.wav	0	2.6
wav/iwslt2024_bho-hi-1730-201911219400_6.wav	0	5.56
wav/iwslt2024_bho-hi-1730-201911219400_7.wav	0	9.24
wav/iwslt2024_bho-hi-1730-201911219400_8.wav	0	8.52
wav/iwslt2024_bho-hi-1730-201911219400_9.wav	0	4.12
wav/iwslt2024_bho-hi-1730-201911219400_10.wav	0	7.72
wav/iwslt2024_bho-hi-1730-201911219400_12.wav	0	3.24
wav/iwslt2024_bho-hi-1730-201911219400_13.wav	0	5.44
wav/iwslt2024_bho-hi-1730-201911219400_14.wav	0	6.52
wav/iwslt2024_bho-hi-1730-201911219400_15.wav	0	11.12
wav/iwslt2024_bho-hi-1730-201911219400_16.wav	0	4.56
wav/iwslt2024_bho-hi-1730-201911219400_17.wav	0	6.92
wav/iwslt2024_bho-hi-1730-201911219400_18.wav	0	9.24
wav/iwslt2024_bho-hi-1730-201911219400_19.wav	0	12.32
wav/iwslt2024_bho-hi-1730-201911219400_20.wav	0	6
wav/iwslt2024_bho-hi-1730-201911219400_21.wav	0	5.12
wav/iwslt2024_bho-hi-1730-201911219400_22.wav	0	6.12
wav/iwslt2024_bho-hi-1730-201911219400_23.wav	0	4.32
wav/iwslt2024_bho-hi-1730-201911219400_24.wav	0	7.76
wav/iwslt2024_bho-hi-1730-201911219400_25.wav	0	10.08
wav/iwslt2024_bho-hi-1730-201911219400_26.wav	0	8.24
wav/iwslt2024_bho-hi-1730-201911219400_27.wav	0	5.6
wav/iwslt2024_bho-hi-1730-201911219400_28.wav	0	7.44
wav/iwslt2024_bho-hi-1730-201911219400_29.wav	0	9.92
wav/iwslt2024_bho-hi-1730-201911219460_1.wav	0	3.36
wav/iwslt2024_bho-hi-1730-201911219460_2.wav	0	5.12
wav/iwslt2024_bho-hi-1730-201911219460_3.wav	0	9.04
wav/iwslt2024_bho-hi-1730-201911219460_4.wav	0	4.72
wav/iwslt2024_bho-hi-1730-201911219460_5.wav	0	7.04
wav/iwslt2024_bho-hi-1730-201911219460_6.wav	0	13.36
wav/iwslt2024_bho-hi-1730-201911219460_7.wav	0	6
wav/iwslt2024_bho-hi-1730-201911219460_8.wav	0	8.68
wav/iwslt2024_bho-hi-1730-201911219460_9.wav	0	11.44
wav/iwslt2024_bho-hi-1730-201911219460_10.wav	0	6
wav/iwslt2024_bho-hi-1730-201911219460_12.wav	0	14.88
wav/iwslt2024_bho-hi-1730-201911219460_13.wav	0	3.04
wav/iwslt2024_bho-hi-1730-201911219460_14.wav	0	8.12
wav/iwslt2024_bho-hi-1730-201911219460_15.wav	0	12.48
wav/iwslt2024_bho-hi-1730-201911219460_16.wav	0	12.08
wav/iwslt2024_bho-hi-1730-201911219460_17.wav	0	13.8
wav/iwslt2024_bho-hi-1730-201911219460_18.wav	0	10.6
wav/iwslt2024_bho-hi-1730-201911219460_19.wav	0	7.92
wav/iwslt2024_bho-hi-1730-201911219460_20.wav	0	11.24
wav/iwslt2024_bho-hi-1730-201911219460_21.wav	0	11.04
wav/iwslt2024_bho-hi-1730-201911219460_31.wav	0	7.04
wav/iwslt2024_bho-hi-1730-201911219460_32.wav	0	4.08
wav/iwslt2024_bho-hi-1730-201911219460_33.wav	0	11.68
wav/iwslt2024_bho-hi-1730-201911219460_34.wav	0	9.84
wav/iwslt2024_bho-hi-1730-201911418304_1.wav	0	4.28
wav/iwslt2024_bho-hi-1730-201911418304_2.wav	0	5.28
wav/iwslt2024_bho-hi-1730-201911418304_3.wav	0	6.08
wav/iwslt2024_bho-hi-1730-201911418304_4.wav	0	4.28
wav/iwslt2024_bho-hi-1730-201911418304_5.wav	0	4.96
wav/iwslt2024_bho-hi-1730-201911418304_7.wav	0	12
wav/iwslt2024_bho-hi-1730-201911418304_8.wav	0	5.52
wav/iwslt2024_bho-hi-1730-201911418304_9.wav	0	7.48
wav/iwslt2024_bho-hi-1730-201911418304_10.wav	0	5.52
wav/iwslt2024_bho-hi-1730-201911418304_11.wav	0	2.8
wav/iwslt2024_bho-hi-1730-201911418304_12.wav	0	8
wav/iwslt2024_bho-hi-1730-201911418304_13.wav	0	5.96
wav/iwslt2024_bho-hi-1730-201911418304_14.wav	0	6
wav/iwslt2024_bho-hi-1730-201911418304_15.wav	0	6.16
wav/iwslt2024_bho-hi-1730-201911418304_16.wav	0	6.36
wav/iwslt2024_bho-hi-1730-201911418304_17.wav	0	5.2
wav/iwslt2024_bho-hi-1730-201911418304_18.wav	0	9.64
wav/iwslt2024_bho-hi-1730-201911418304_19.wav	0	7.44
wav/iwslt2024_bho-hi-1730-201911418304_21.wav	0	2.64
wav/iwslt2024_bho-hi-1730-201911418304_22.wav	0	2.72
wav/iwslt2024_bho-hi-1730-201911418304_23.wav	0	11
wav/iwslt2024_bho-hi-1730-201911418304_24.wav	0	6.56
wav/iwslt2024_bho-hi-1730-201911418304_25.wav	0	3.96
wav/iwslt2024_bho-hi-1730-201911418304_26.wav	0	6.68
wav/iwslt2024_bho-hi-1730-201911418304_27.wav	0	6.92
wav/iwslt2024_bho-hi-1730-201911418304_28.wav	0	3.08
wav/iwslt2024_bho-hi-1730-201911418304_29.wav	0	3.16
wav/iwslt2024_bho-hi-1730-201911418304_30.wav	0	4.16
wav/iwslt2024_bho-hi-1730-201911418304_31.wav	0	4.92
wav/iwslt2024_bho-hi-1730-201911418304_32.wav	0	8
wav/iwslt2024_bho-hi-1730-201911418304_33.wav	0	8.36
wav/iwslt2024_bho-hi-1730-201911418304_34.wav	0	6.04
wav/iwslt2024_bho-hi-1730-201911418304_35.wav	0	10.32
wav/iwslt2024_bho-hi-1730-201911418304_36.wav	0	6.2
wav/iwslt2024_bho-hi-1730-201911418304_37.wav	0	4.4
wav/iwslt2024_bho-hi-1730-201911418304_39.wav	0	9.08
wav/iwslt2024_bho-hi-1730-201911418304_40.wav	0	4.84
wav/iwslt2024_bho-hi-1730-201911518555_1.wav	0	10.24
wav/iwslt2024_bho-hi-1730-201911518555_2.wav	0	10.64
wav/iwslt2024_bho-hi-1730-201911518555_3.wav	0	9.44
wav/iwslt2024_bho-hi-1730-201911518555_4.wav	0	7.56
wav/iwslt2024_bho-hi-1730-201911518555_5.wav	0	7.36
wav/iwslt2024_bho-hi-1730-201911518555_6.wav	0	8.76
wav/iwslt2024_bho-hi-1730-201911518555_7.wav	0	5.8
wav/iwslt2024_bho-hi-1730-201911518555_8.wav	0	7.88
wav/iwslt2024_bho-hi-1730-201911518555_9.wav	0	2.32
wav/iwslt2024_bho-hi-1730-201911518555_10.wav	0	11.56
wav/iwslt2024_bho-hi-1730-201911518555_11.wav	0	6.24
wav/iwslt2024_bho-hi-1730-201911518555_12.wav	0	6.4
wav/iwslt2024_bho-hi-1730-201911518555_14.wav	0	6.8
wav/iwslt2024_bho-hi-1730-201911518555_16.wav	0	12.24
wav/iwslt2024_bho-hi-1730-201911518555_17.wav	0	6
wav/iwslt2024_bho-hi-1730-201911518555_18.wav	0	8.36
wav/iwslt2024_bho-hi-1730-201911518555_19.wav	0	6.28
wav/iwslt2024_bho-hi-1730-201911518555_20.wav	0	7.56
wav/iwslt2024_bho-hi-1730-201911518555_21.wav	0	7.2
wav/iwslt2024_bho-hi-1730-201911518555_22.wav	0	11.6
wav/iwslt2024_bho-hi-1730-201911518555_23.wav	0	7.68
wav/iwslt2024_bho-hi-1730-201911518555_24.wav	0	6.6
wav/iwslt2024_bho-hi-1730-201911518555_25.wav	0	7.08
wav/iwslt2024_bho-hi-1730-201911518555_26.wav	0	4.12
wav/iwslt2024_bho-hi-1730-201911518555_27.wav	0	4.64
wav/iwslt2024_bho-hi-1730-201911518555_28.wav	0	5.44
wav/iwslt2024_bho-hi-1730-201911518555_29.wav	0	10.2
wav/iwslt2024_bho-hi-1730-201911518555_30.wav	0	5.72
wav/iwslt2024_bho-hi-1730-201911518555_31.wav	0	7.32
wav/iwslt2024_bho-hi-1730-201911818418_1.wav	0	5.36
wav/iwslt2024_bho-hi-1730-201911818418_2.wav	0	5.56
wav/iwslt2024_bho-hi-1730-201911818418_4.wav	0	9.32
wav/iwslt2024_bho-hi-1730-201911818418_5.wav	0	6.08
wav/iwslt2024_bho-hi-1730-201911818418_6.wav	0	4.04
wav/iwslt2024_bho-hi-1730-201911818418_7.wav	0	7.04
wav/iwslt2024_bho-hi-1730-201911818418_8.wav	0	12
wav/iwslt2024_bho-hi-1730-201911818418_9.wav	0	8.24
wav/iwslt2024_bho-hi-1730-201911818418_10.wav	0	10.4
wav/iwslt2024_bho-hi-1730-201911818418_11.wav	0	10.96
wav/iwslt2024_bho-hi-1730-201911818418_12.wav	0	8.52
wav/iwslt2024_bho-hi-1730-201911818418_13.wav	0	4.72
wav/iwslt2024_bho-hi-1730-201911818418_14.wav	0	6.08
wav/iwslt2024_bho-hi-1730-201911818418_15.wav	0	4.12
wav/iwslt2024_bho-hi-1730-201911818418_16.wav	0	12.52
wav/iwslt2024_bho-hi-1730-201911818418_19.wav	0	2.56
wav/iwslt2024_bho-hi-1730-201911818418_20.wav	0	6.2
wav/iwslt2024_bho-hi-1730-201911818418_21.wav	0	3.28
wav/iwslt2024_bho-hi-1730-201911818418_22.wav	0	3.04
wav/iwslt2024_bho-hi-1730-201911818418_23.wav	0	8.28
wav/iwslt2024_bho-hi-1730-201911818418_24.wav	0	4.96
wav/iwslt2024_bho-hi-1730-201911818418_25.wav	0	13.4
wav/iwslt2024_bho-hi-1730-201911818418_26.wav	0	6.68
wav/iwslt2024_bho-hi-1730-201911818418_27.wav	0	11.48
wav/iwslt2024_bho-hi-1730-201911818418_28.wav	0	9.6
wav/iwslt2024_bho-hi-1730-201911818418_30.wav	0	7.04
wav/iwslt2024_bho-hi-1730-201911818418_31.wav	0	8.04
wav/iwslt2024_bho-hi-1730-201911818418_32.wav	0	14.12
wav/iwslt2024_bho-hi-1730-201912121537_2.wav	0	6.96
wav/iwslt2024_bho-hi-1730-201912121537_3.wav	0	7.72
wav/iwslt2024_bho-hi-1730-201912121537_4.wav	0	5.12
wav/iwslt2024_bho-hi-1730-201912121537_5.wav	0	3.92
wav/iwslt2024_bho-hi-1730-201912121537_6.wav	0	8.88
wav/iwslt2024_bho-hi-1730-201912121537_7.wav	0	7.32
wav/iwslt2024_bho-hi-1730-201912121537_8.wav	0	4.32
wav/iwslt2024_bho-hi-1730-201912121537_10.wav	0	12.76
wav/iwslt2024_bho-hi-1730-201912121537_12.wav	0	7.68
wav/iwslt2024_bho-hi-1730-201912121537_13.wav	0	5.96
wav/iwslt2024_bho-hi-1730-201912121537_14.wav	0	8
wav/iwslt2024_bho-hi-1730-201912121537_15.wav	0	9.4
wav/iwslt2024_bho-hi-1730-201912121537_16.wav	0	5.08
wav/iwslt2024_bho-hi-1730-201912121537_17.wav	0	6.36
wav/iwslt2024_bho-hi-1730-201912121537_18.wav	0	7.92
wav/iwslt2024_bho-hi-1730-201912121537_19.wav	0	4.04
wav/iwslt2024_bho-hi-1730-201912121537_20.wav	0	7.56
wav/iwslt2024_bho-hi-1730-201912121537_21.wav	0	8.36
wav/iwslt2024_bho-hi-1730-201912121537_22.wav	0	7.64
wav/iwslt2024_bho-hi-1730-201912121537_23.wav	0	4.4
wav/iwslt2024_bho-hi-1730-201912121537_24.wav	0	6.12
wav/iwslt2024_bho-hi-1730-201912121537_25.wav	0	5.88
wav/iwslt2024_bho-hi-1730-201912121537_26.wav	0	5.52
wav/iwslt2024_bho-hi-1730-201912121537_27.wav	0	7.48
wav/iwslt2024_bho-hi-1730-201912121537_28.wav	0	2.76
wav/iwslt2024_bho-hi-1730-201912121537_29.wav	0	1.68
wav/iwslt2024_bho-hi-1730-201912121537_30.wav	0	6.92
wav/iwslt2024_bho-hi-1730-201912121537_31.wav	0	4.04
wav/iwslt2024_bho-hi-1730-201912121537_32.wav	0	14.68
wav/iwslt2024_bho-hi-1730-201912121537_33.wav	0	2.8
wav/iwslt2024_bho-hi-1730-201912121537_34.wav	0	2.76
wav/iwslt2024_bho-hi-1730-201912121537_35.wav	0	4.16
wav/iwslt2024_bho-hi-1730-201912121537_36.wav	0	13.44
wav/iwslt2024_bho-hi-1730-201912121537_37.wav	0	9.76
wav/iwslt2024_bho-hi-1730-201912121537_38.wav	0	7.32
wav/iwslt2024_bho-hi-1730-201912184757_1.wav	0	8.36
wav/iwslt2024_bho-hi-1730-201912184757_2.wav	0	9.36
wav/iwslt2024_bho-hi-1730-201912184757_3.wav	0	2.84
wav/iwslt2024_bho-hi-1730-201912184757_4.wav	0	4.4
wav/iwslt2024_bho-hi-1730-201912184757_5.wav	0	2.24
wav/iwslt2024_bho-hi-1730-201912184757_6.wav	0	1.72
wav/iwslt2024_bho-hi-1730-201912184757_8.wav	0	5.36
wav/iwslt2024_bho-hi-1730-201912184757_9.wav	0	2.52
wav/iwslt2024_bho-hi-1730-201912184757_10.wav	0	5.72
wav/iwslt2024_bho-hi-1730-201912184757_11.wav	0	3.56
wav/iwslt2024_bho-hi-1730-201912184757_12.wav	0	7.76
wav/iwslt2024_bho-hi-1730-201912184757_13.wav	0	8.36
wav/iwslt2024_bho-hi-1730-201912184757_14.wav	0	3.2
wav/iwslt2024_bho-hi-1730-201912184757_15.wav	0	4.04
wav/iwslt2024_bho-hi-1730-201912184757_16.wav	0	6.04
wav/iwslt2024_bho-hi-1730-201912184757_17.wav	0	8.36
wav/iwslt2024_bho-hi-1730-201912184757_18.wav	0	4.56
wav/iwslt2024_bho-hi-1730-201912184757_19.wav	0	8.88
wav/iwslt2024_bho-hi-1730-201912184757_20.wav	0	6.64
wav/iwslt2024_bho-hi-1730-201912184757_21.wav	0	9.52
wav/iwslt2024_bho-hi-1730-201912184757_22.wav	0	4.84
wav/iwslt2024_bho-hi-1730-201912184757_23.wav	0	11.72
wav/iwslt2024_bho-hi-1730-201912184757_24.wav	0	6.28
wav/iwslt2024_bho-hi-1730-201912184757_25.wav	0	11.8
wav/iwslt2024_bho-hi-1730-201912184757_26.wav	0	9.44
wav/iwslt2024_bho-hi-1730-201912184757_27.wav	0	9.8
wav/iwslt2024_bho-hi-1730-201912184757_28.wav	0	9.32
wav/iwslt2024_bho-hi-1730-201912184757_29.wav	0	5.4
wav/iwslt2024_bho-hi-1730-201912184757_30.wav	0	6.56
wav/iwslt2024_bho-hi-1730-201912184757_31.wav	0	11.16
wav/iwslt2024_bho-hi-1730-201912184757_32.wav	0	4.04
wav/iwslt2024_bho-hi-1730-201912184757_33.wav	0	8.96
wav/iwslt2024_bho-hi-1730-201912184757_34.wav	0	4.88
wav/iwslt2024_bho-hi-1730-201912184757_35.wav	0	7.8
wav/iwslt2024_bho-hi-1730-201912184757_37.wav	0	3.72
wav/iwslt2024_bho-hi-1730-201912184757_38.wav	0	5.48
wav/iwslt2024_bho-hi-1730-201912184757_39.wav	0	8.4
wav/iwslt2024_bho-hi-1730-201912320818_1.wav	0	6
wav/iwslt2024_bho-hi-1730-201912320818_2.wav	0	3.36
wav/iwslt2024_bho-hi-1730-201912320818_3.wav	0	5.76
wav/iwslt2024_bho-hi-1730-201912320818_4.wav	0	12.32
wav/iwslt2024_bho-hi-1730-201912320818_5.wav	0	5.04
wav/iwslt2024_bho-hi-1730-201912320818_6.wav	0	7
wav/iwslt2024_bho-hi-1730-201912320818_7.wav	0	5.6
wav/iwslt2024_bho-hi-1730-201912320818_8.wav	0	6.04
wav/iwslt2024_bho-hi-1730-201912320818_12.wav	0	3.64
wav/iwslt2024_bho-hi-1730-201912320818_13.wav	0	9.12
wav/iwslt2024_bho-hi-1730-201912320818_14.wav	0	4.72
wav/iwslt2024_bho-hi-1730-201912320818_15.wav	0	7.4
wav/iwslt2024_bho-hi-1730-201912320818_16.wav	0	9.08
wav/iwslt2024_bho-hi-1730-201912320818_17.wav	0	3.96
wav/iwslt2024_bho-hi-1730-201912320818_18.wav	0	6.84
wav/iwslt2024_bho-hi-1730-201912320818_19.wav	0	10.68
wav/iwslt2024_bho-hi-1730-201912320818_20.wav	0	6.4
wav/iwslt2024_bho-hi-1730-201912320818_22.wav	0	8.2
wav/iwslt2024_bho-hi-1730-201912320818_23.wav	0	9.88
wav/iwslt2024_bho-hi-1730-201912320818_24.wav	0	14.64
wav/iwslt2024_bho-hi-1730-201912320818_25.wav	0	4.52
wav/iwslt2024_bho-hi-1730-201912320818_26.wav	0	4.24
wav/iwslt2024_bho-hi-1730-201912320818_27.wav	0	3.8
wav/iwslt2024_bho-hi-1730-201912320818_28.wav	0	3.88
wav/iwslt2024_bho-hi-1730-201912320818_29.wav	0	7.6
wav/iwslt2024_bho-hi-1730-201912320818_30.wav	0	10.6
wav/iwslt2024_bho-hi-1730-201912320818_31.wav	0	6.56
wav/iwslt2024_bho-hi-1730-201912320818_32.wav	0	5.24
wav/iwslt2024_bho-hi-1730-201912320818_33.wav	0	6.32
wav/iwslt2024_bho-hi-1730-201912320818_34.wav	0	4.64
wav/iwslt2024_bho-hi-1730-201912320818_35.wav	0	3.04
wav/iwslt2024_bho-hi-1730-201912320818_36.wav	0	5.96
wav/iwslt2024_bho-hi-1730-201912320818_37.wav	0	6.6
wav/iwslt2024_bho-hi-1730-201912320818_38.wav	0	11.8
wav/iwslt2024_bho-hi-1730-201912620155_1.wav	0	6.48
wav/iwslt2024_bho-hi-1730-201912620155_2.wav	0	10.88
wav/iwslt2024_bho-hi-1730-201912620155_3.wav	0	5.08
wav/iwslt2024_bho-hi-1730-201912620155_4.wav	0	5.92
wav/iwslt2024_bho-hi-1730-201912620155_5.wav	0	11.08
wav/iwslt2024_bho-hi-1730-201912620155_6.wav	0	10.16
wav/iwslt2024_bho-hi-1730-201912620155_7.wav	0	6.88
wav/iwslt2024_bho-hi-1730-201912620155_8.wav	0	6.8
wav/iwslt2024_bho-hi-1730-201912620155_9.wav	0	5.6
wav/iwslt2024_bho-hi-1730-201912620155_11.wav	0	7.48
wav/iwslt2024_bho-hi-1730-201912620155_12.wav	0	9.28
wav/iwslt2024_bho-hi-1730-201912620155_13.wav	0	13.04
wav/iwslt2024_bho-hi-1730-201912620155_14.wav	0	9.76
wav/iwslt2024_bho-hi-1730-201912620155_15.wav	0	11
wav/iwslt2024_bho-hi-1730-201912620155_16.wav	0	7.16
wav/iwslt2024_bho-hi-1730-201912620155_17.wav	0	4.28
wav/iwslt2024_bho-hi-1730-201912620155_18.wav	0	2.92
wav/iwslt2024_bho-hi-1730-201912620155_19.wav	0	10.28
wav/iwslt2024_bho-hi-1730-201912620155_20.wav	0	6.8
wav/iwslt2024_bho-hi-1730-201912620155_21.wav	0	9.2
wav/iwslt2024_bho-hi-1730-201912620155_22.wav	0	6.76
wav/iwslt2024_bho-hi-1730-201912620155_23.wav	0	5
wav/iwslt2024_bho-hi-1730-201912620155_24.wav	0	13.84
wav/iwslt2024_bho-hi-1730-201912620155_25.wav	0	7.52
wav/iwslt2024_bho-hi-1730-201912620155_26.wav	0	7.36
wav/iwslt2024_bho-hi-1730-201912620155_27.wav	0	5.8
wav/iwslt2024_bho-hi-1730-201912620155_28.wav	0	5.96
wav/iwslt2024_bho-hi-1730-201912620155_29.wav	0	7.32
wav/iwslt2024_bho-hi-1730-201912620155_30.wav	0	9.72
wav/iwslt2024_bho-hi-1730-201912620155_31.wav	0	7.6
wav/iwslt2024_bho-hi-1730-201912620155_32.wav	0	10
wav/iwslt2024_bho-hi-1730-201912620155_33.wav	0	4.32
wav/iwslt2024_bho-hi-1730-201912620155_34.wav	0	11.76
wav/iwslt2024_bho-hi-1730-201913020234_1.wav	0	3.92
wav/iwslt2024_bho-hi-1730-201913020234_2.wav	0	7.72
wav/iwslt2024_bho-hi-1730-201913020234_3.wav	0	14.84
wav/iwslt2024_bho-hi-1730-201913020234_4.wav	0	11.36
wav/iwslt2024_bho-hi-1730-201913020234_5.wav	0	11.44
wav/iwslt2024_bho-hi-1730-201913020234_6.wav	0	11.56
wav/iwslt2024_bho-hi-1730-201913020234_7.wav	0	3.4
wav/iwslt2024_bho-hi-1730-201913020234_8.wav	0	5
wav/iwslt2024_bho-hi-1730-201913020234_9.wav	0	10.04
wav/iwslt2024_bho-hi-1730-201913020234_10.wav	0	9.92
wav/iwslt2024_bho-hi-1730-201913020234_11.wav	0	5.12
wav/iwslt2024_bho-hi-1730-201913020234_13.wav	0	6.64
wav/iwslt2024_bho-hi-1730-201913020234_14.wav	0	2.6
wav/iwslt2024_bho-hi-1730-201913020234_15.wav	0	10.2
wav/iwslt2024_bho-hi-1730-201913020234_16.wav	0	4.76
wav/iwslt2024_bho-hi-1730-201913020234_17.wav	0	7.16
wav/iwslt2024_bho-hi-1730-201913020234_18.wav	0	9.04
wav/iwslt2024_bho-hi-1730-201913020234_19.wav	0	8.2
wav/iwslt2024_bho-hi-1730-201913020234_20.wav	0	9.28
wav/iwslt2024_bho-hi-1730-201913020234_21.wav	0	13.08
wav/iwslt2024_bho-hi-1730-201913020234_22.wav	0	10.08
wav/iwslt2024_bho-hi-1730-201913020234_23.wav	0	11.2
wav/iwslt2024_bho-hi-1730-201913020234_24.wav	0	6.24
wav/iwslt2024_bho-hi-1730-201913020234_25.wav	0	13.28
wav/iwslt2024_bho-hi-1730-201913020234_26.wav	0	8.16
wav/iwslt2024_bho-hi-1730-201913020234_27.wav	0	10.92
wav/iwslt2024_bho-hi-1730-201913020234_28.wav	0	6.48
wav/iwslt2024_bho-hi-1730-201913020234_30.wav	0	9.36
wav/iwslt2024_bho-hi-1730-201913020234_31.wav	0	2.32
wav/iwslt2024_bho-hi-1730-201913020234_32.wav	0	11.56
wav/iwslt2024_bho-hi-1730-201914194352_1.wav	0	9.64
wav/iwslt2024_bho-hi-1730-201914194352_2.wav	0	3
wav/iwslt2024_bho-hi-1730-201914194352_4.wav	0	10.24
wav/iwslt2024_bho-hi-1730-201914194352_5.wav	0	10.08
wav/iwslt2024_bho-hi-1730-201914194352_6.wav	0	6.68
wav/iwslt2024_bho-hi-1730-201914194352_7.wav	0	4.32
wav/iwslt2024_bho-hi-1730-201914194352_8.wav	0	5.72
wav/iwslt2024_bho-hi-1730-201914194352_9.wav	0	12.52
wav/iwslt2024_bho-hi-1730-201914194352_10.wav	0	4.92
wav/iwslt2024_bho-hi-1730-201914194352_11.wav	0	13.84
wav/iwslt2024_bho-hi-1730-201914194352_12.wav	0	5.68
wav/iwslt2024_bho-hi-1730-201914194352_14.wav	0	5.76
wav/iwslt2024_bho-hi-1730-201914194352_15.wav	0	6.16
wav/iwslt2024_bho-hi-1730-201914194352_16.wav	0	2.56
wav/iwslt2024_bho-hi-1730-201914194352_17.wav	0	10.24
wav/iwslt2024_bho-hi-1730-201914194352_18.wav	0	10.2
wav/iwslt2024_bho-hi-1730-201914194352_19.wav	0	6.4
wav/iwslt2024_bho-hi-1730-201914194352_20.wav	0	10.24
wav/iwslt2024_bho-hi-1730-201914194352_22.wav	0	5.96
wav/iwslt2024_bho-hi-1730-201914194352_23.wav	0	7.12
wav/iwslt2024_bho-hi-1730-201914194352_25.wav	0	7.52
wav/iwslt2024_bho-hi-1730-201914194352_26.wav	0	9.04
wav/iwslt2024_bho-hi-1730-201914194352_27.wav	0	6.48
wav/iwslt2024_bho-hi-1730-201914194352_28.wav	0	8.48
wav/iwslt2024_bho-hi-1730-201914194352_29.wav	0	7.04
wav/iwslt2024_bho-hi-1730-201914194352_30.wav	0	6.72
wav/iwslt2024_bho-hi-1730-201916191852_1.wav	0	9.68
wav/iwslt2024_bho-hi-1730-201916191852_2.wav	0	8.8
wav/iwslt2024_bho-hi-1730-201916191852_3.wav	0	11.16
wav/iwslt2024_bho-hi-1730-201916191852_4.wav	0	8.08
wav/iwslt2024_bho-hi-1730-201916191852_7.wav	0	13.56
wav/iwslt2024_bho-hi-1730-201916191852_8.wav	0	8.72
wav/iwslt2024_bho-hi-1730-201916191852_9.wav	0	4.96
wav/iwslt2024_bho-hi-1730-201916191852_10.wav	0	6.12
wav/iwslt2024_bho-hi-1730-201916191852_11.wav	0	4.92
wav/iwslt2024_bho-hi-1730-201916191852_12.wav	0	5.64
wav/iwslt2024_bho-hi-1730-201916191852_13.wav	0	7.64
wav/iwslt2024_bho-hi-1730-201916191852_14.wav	0	6.56
wav/iwslt2024_bho-hi-1730-201916191852_15.wav	0	9.88
wav/iwslt2024_bho-hi-1730-201916191852_16.wav	0	5.68
wav/iwslt2024_bho-hi-1730-201916191852_17.wav	0	7.68
wav/iwslt2024_bho-hi-1730-201916191852_18.wav	0	6.12
wav/iwslt2024_bho-hi-1730-201916191852_19.wav	0	8.88
wav/iwslt2024_bho-hi-1730-201916191852_20.wav	0	5.24
wav/iwslt2024_bho-hi-1730-201916191852_21.wav	0	3.76
wav/iwslt2024_bho-hi-1730-201916191852_22.wav	0	2.72
wav/iwslt2024_bho-hi-1730-201916191852_23.wav	0	8.56
wav/iwslt2024_bho-hi-1730-201916191852_24.wav	0	13
wav/iwslt2024_bho-hi-1730-201916191852_26.wav	0	7.2
wav/iwslt2024_bho-hi-1730-201916191852_27.wav	0	7.4
wav/iwslt2024_bho-hi-1730-201916191852_28.wav	0	2.64
wav/iwslt2024_bho-hi-1730-201916191852_29.wav	0	6.92
wav/iwslt2024_bho-hi-1730-201916191852_30.wav	0	5.96
wav/iwslt2024_bho-hi-1730-201916191852_31.wav	0	6.2
wav/iwslt2024_bho-hi-1730-201916191852_32.wav	0	5.68
wav/iwslt2024_bho-hi-1730-201916191852_33.wav	0	3.64
wav/iwslt2024_bho-hi-1730-201918195137_1.wav	0	13.16
wav/iwslt2024_bho-hi-1730-201918195137_2.wav	0	4.6
wav/iwslt2024_bho-hi-1730-201918195137_3.wav	0	6.16
wav/iwslt2024_bho-hi-1730-201918195137_4.wav	0	7.04
wav/iwslt2024_bho-hi-1730-201918195137_5.wav	0	8
wav/iwslt2024_bho-hi-1730-201918195137_6.wav	0	2.84
wav/iwslt2024_bho-hi-1730-201918195137_9.wav	0	4.8
wav/iwslt2024_bho-hi-1730-201918195137_10.wav	0	7.48
wav/iwslt2024_bho-hi-1730-201918195137_11.wav	0	8.48
wav/iwslt2024_bho-hi-1730-201918195137_12.wav	0	10.6
wav/iwslt2024_bho-hi-1730-201918195137_13.wav	0	8.72
wav/iwslt2024_bho-hi-1730-201918195137_14.wav	0	8.04
wav/iwslt2024_bho-hi-1730-201918195137_15.wav	0	8.64
wav/iwslt2024_bho-hi-1730-201918195137_16.wav	0	7.28
wav/iwslt2024_bho-hi-1730-201918195137_17.wav	0	5.44
wav/iwslt2024_bho-hi-1730-201918195137_18.wav	0	8.84
wav/iwslt2024_bho-hi-1730-201918195137_19.wav	0	7.04
wav/iwslt2024_bho-hi-1730-201918195137_20.wav	0	5.96
wav/iwslt2024_bho-hi-1730-201918195137_21.wav	0	7.8
wav/iwslt2024_bho-hi-1730-201918195137_22.wav	0	2.88
wav/iwslt2024_bho-hi-1730-201918195137_23.wav	0	13.4
wav/iwslt2024_bho-hi-1730-201918195137_24.wav	0	5.8
wav/iwslt2024_bho-hi-1730-201918195137_25.wav	0	9.8
wav/iwslt2024_bho-hi-1730-201918195137_26.wav	0	6.08
wav/iwslt2024_bho-hi-1730-201918195137_27.wav	0	12.4
wav/iwslt2024_bho-hi-1730-201918195137_28.wav	0	4.48
wav/iwslt2024_bho-hi-1730-201918195137_29.wav	0	5.52
wav/iwslt2024_bho-hi-1730-201918195137_30.wav	0	6.16
wav/iwslt2024_bho-hi-1730-201918195137_31.wav	0	8.4
wav/iwslt2024_bho-hi-1730-201918195137_32.wav	0	12.36
wav/iwslt2024_bho-hi-1730-201921194946_1.wav	0	6.72
wav/iwslt2024_bho-hi-1730-201921194946_2.wav	0	9.76
wav/iwslt2024_bho-hi-1730-201921194946_3.wav	0	4.16
wav/iwslt2024_bho-hi-1730-201921194946_4.wav	0	5.4
wav/iwslt2024_bho-hi-1730-201921194946_5.wav	0	4.96
wav/iwslt2024_bho-hi-1730-201921194946_7.wav	0	4.52
wav/iwslt2024_bho-hi-1730-201921194946_8.wav	0	8.44
wav/iwslt2024_bho-hi-1730-201921194946_10.wav	0	2.16
wav/iwslt2024_bho-hi-1730-201921194946_11.wav	0	2.72
wav/iwslt2024_bho-hi-1730-201921194946_12.wav	0	2.76
wav/iwslt2024_bho-hi-1730-201921194946_14.wav	0	6.2
wav/iwslt2024_bho-hi-1730-201921194946_15.wav	0	3.16
wav/iwslt2024_bho-hi-1730-201921194946_16.wav	0	5.4
wav/iwslt2024_bho-hi-1730-201921194946_17.wav	0	9.12
wav/iwslt2024_bho-hi-1730-201921194946_18.wav	0	3.72
wav/iwslt2024_bho-hi-1730-201921194946_19.wav	0	8.28
wav/iwslt2024_bho-hi-1730-201921194946_20.wav	0	9.08
wav/iwslt2024_bho-hi-1730-201921194946_21.wav	0	9.92
wav/iwslt2024_bho-hi-1730-201921194946_22.wav	0	13.4
wav/iwslt2024_bho-hi-1730-201921194946_24.wav	0	12.8
wav/iwslt2024_bho-hi-1730-201921194946_25.wav	0	5.52
wav/iwslt2024_bho-hi-1730-201921194946_26.wav	0	8.32
wav/iwslt2024_bho-hi-1730-201921194946_27.wav	0	11.68
wav/iwslt2024_bho-hi-1730-201921194946_28.wav	0	9.08
wav/iwslt2024_bho-hi-1730-201921194946_29.wav	0	3.48
wav/iwslt2024_bho-hi-1730-201921194946_30.wav	0	12.44
wav/iwslt2024_bho-hi-1730-201921194946_31.wav	0	5.68
wav/iwslt2024_bho-hi-1730-201921194946_32.wav	0	8.16
wav/iwslt2024_bho-hi-1730-201921620419_1.wav	0	7.84
wav/iwslt2024_bho-hi-1730-201921620419_2.wav	0	4.36
wav/iwslt2024_bho-hi-1730-201921620419_3.wav	0	4.04
wav/iwslt2024_bho-hi-1730-201921620419_4.wav	0	11.72
wav/iwslt2024_bho-hi-1730-201921620419_5.wav	0	8.4
wav/iwslt2024_bho-hi-1730-201921620419_6.wav	0	10.32
wav/iwslt2024_bho-hi-1730-201921620419_7.wav	0	3.16
wav/iwslt2024_bho-hi-1730-201921620419_8.wav	0	7.2
wav/iwslt2024_bho-hi-1730-201921620419_10.wav	0	4.84
wav/iwslt2024_bho-hi-1730-201921620419_11.wav	0	7.16
wav/iwslt2024_bho-hi-1730-201921620419_12.wav	0	6.52
wav/iwslt2024_bho-hi-1730-201921620419_13.wav	0	14.28
wav/iwslt2024_bho-hi-1730-201921620419_15.wav	0	7.52
wav/iwslt2024_bho-hi-1730-201921620419_16.wav	0	7.28
wav/iwslt2024_bho-hi-1730-201921620419_17.wav	0	6.36
wav/iwslt2024_bho-hi-1730-201921620419_18.wav	0	6.28
wav/iwslt2024_bho-hi-1730-201921620419_19.wav	0	9.72
wav/iwslt2024_bho-hi-1730-201921620419_20.wav	0	8.04
wav/iwslt2024_bho-hi-1730-201921620419_21.wav	0	7.68
wav/iwslt2024_bho-hi-1730-201921620419_23.wav	0	8.12
wav/iwslt2024_bho-hi-1730-201921620419_24.wav	0	8.52
wav/iwslt2024_bho-hi-1730-201921620419_25.wav	0	13.52
wav/iwslt2024_bho-hi-1730-201921620419_26.wav	0	7.92
wav/iwslt2024_bho-hi-1730-201921620419_27.wav	0	3.52
wav/iwslt2024_bho-hi-1730-201921620419_28.wav	0	13.2
wav/iwslt2024_bho-hi-1730-201921620419_29.wav	0	3.96
wav/iwslt2024_bho-hi-1730-201921620419_30.wav	0	7.84
wav/iwslt2024_bho-hi-1730-201921620419_31.wav	0	11.24
wav/iwslt2024_bho-hi-1730-201921620419_32.wav	0	4.12
wav/iwslt2024_bho-hi-1730-201921620419_33.wav	0	7.52
wav/iwslt2024_bho-hi-1730-201921818423_1.wav	0	8.8
wav/iwslt2024_bho-hi-1730-201921818423_2.wav	0	9.52
wav/iwslt2024_bho-hi-1730-201921818423_3.wav	0	10
wav/iwslt2024_bho-hi-1730-201921818423_4.wav	0	14.64
wav/iwslt2024_bho-hi-1730-201921818423_5.wav	0	11.2
wav/iwslt2024_bho-hi-1730-201921818423_6.wav	0	9.56
wav/iwslt2024_bho-hi-1730-201921818423_7.wav	0	9.32
wav/iwslt2024_bho-hi-1730-201921818423_8.wav	0	8.76
wav/iwslt2024_bho-hi-1730-201921818423_9.wav	0	13.6
wav/iwslt2024_bho-hi-1730-201921818423_10.wav	0	11.68
wav/iwslt2024_bho-hi-1730-201921818423_11.wav	0	7.8
wav/iwslt2024_bho-hi-1730-201921818423_12.wav	0	2.64
wav/iwslt2024_bho-hi-1730-201921818423_13.wav	0	13.04
wav/iwslt2024_bho-hi-1730-201921818423_14.wav	0	11.8
wav/iwslt2024_bho-hi-1730-201921818423_15.wav	0	11.16
wav/iwslt2024_bho-hi-1730-201921818423_16.wav	0	3.32
wav/iwslt2024_bho-hi-1730-201921818423_17.wav	0	8.24
wav/iwslt2024_bho-hi-1730-201921818423_19.wav	0	6.2
wav/iwslt2024_bho-hi-1730-201921818423_20.wav	0	9.48
wav/iwslt2024_bho-hi-1730-201921818423_21.wav	0	4.56
wav/iwslt2024_bho-hi-1730-201921818423_22.wav	0	1.84
wav/iwslt2024_bho-hi-1730-201921818423_23.wav	0	11.2
wav/iwslt2024_bho-hi-1730-201921818423_24.wav	0	8.56
wav/iwslt2024_bho-hi-1730-201921818423_25.wav	0	4.52
wav/iwslt2024_bho-hi-1730-201921818423_26.wav	0	3.68
wav/iwslt2024_bho-hi-1730-201921818423_27.wav	0	3.4
wav/iwslt2024_bho-hi-1730-201921818423_28.wav	0	3.28
wav/iwslt2024_bho-hi-1730-201921818423_29.wav	0	6.48
wav/iwslt2024_bho-hi-1730-201921818423_30.wav	0	5.72
wav/iwslt2024_bho-hi-1730-201921818423_31.wav	0	11
wav/iwslt2024_bho-hi-1730-201921818423_32.wav	0	4.72
wav/iwslt2024_bho-hi-1730-201921818423_33.wav	0	5.32
wav/iwslt2024_bho-hi-1730-201921818423_34.wav	0	8.6
wav/iwslt2024_bho-hi-1730-201922019058_1.wav	0	13.96
wav/iwslt2024_bho-hi-1730-201922019058_2.wav	0	8.48
wav/iwslt2024_bho-hi-1730-201922019058_3.wav	0	3.84
wav/iwslt2024_bho-hi-1730-201922019058_4.wav	0	12.48
wav/iwslt2024_bho-hi-1730-201922019058_5.wav	0	13.2
wav/iwslt2024_bho-hi-1730-201922019058_6.wav	0	12.04
wav/iwslt2024_bho-hi-1730-201922019058_7.wav	0	9.96
wav/iwslt2024_bho-hi-1730-201922019058_10.wav	0	11.64
wav/iwslt2024_bho-hi-1730-201922019058_11.wav	0	12.72
wav/iwslt2024_bho-hi-1730-201922019058_12.wav	0	14.76
wav/iwslt2024_bho-hi-1730-201922019058_13.wav	0	3.36
wav/iwslt2024_bho-hi-1730-201922019058_14.wav	0	7.2
wav/iwslt2024_bho-hi-1730-201922019058_15.wav	0	7.2
wav/iwslt2024_bho-hi-1730-201922019058_16.wav	0	4.4
wav/iwslt2024_bho-hi-1730-201922019058_17.wav	0	9.24
wav/iwslt2024_bho-hi-1730-201922019058_19.wav	0	9.84
wav/iwslt2024_bho-hi-1730-201922019058_20.wav	0	8.76
wav/iwslt2024_bho-hi-1730-201922019058_21.wav	0	12.96
wav/iwslt2024_bho-hi-1730-201922019058_22.wav	0	6.96
wav/iwslt2024_bho-hi-1730-201922019058_23.wav	0	6.96
wav/iwslt2024_bho-hi-1730-201922019058_24.wav	0	9.68
wav/iwslt2024_bho-hi-1730-201922019058_25.wav	0	5.24
wav/iwslt2024_bho-hi-1730-201922019058_26.wav	0	10.28
wav/iwslt2024_bho-hi-1730-201922019058_27.wav	0	4
wav/iwslt2024_bho-hi-1730-201922019058_28.wav	0	3.28
wav/iwslt2024_bho-hi-1730-201923184024_1.wav	0	5.12
wav/iwslt2024_bho-hi-1730-201923184024_2.wav	0	4.56
wav/iwslt2024_bho-hi-1730-201923184024_3.wav	0	6.04
wav/iwslt2024_bho-hi-1730-201923184024_4.wav	0	9.52
wav/iwslt2024_bho-hi-1730-201923184024_6.wav	0	8.84
wav/iwslt2024_bho-hi-1730-201923184024_9.wav	0	8.72
wav/iwslt2024_bho-hi-1730-201923184024_10.wav	0	9.2
wav/iwslt2024_bho-hi-1730-201923184024_11.wav	0	4.24
wav/iwslt2024_bho-hi-1730-201923184024_12.wav	0	9.16
wav/iwslt2024_bho-hi-1730-201923184024_13.wav	0	5.76
wav/iwslt2024_bho-hi-1730-201923184024_14.wav	0	6.64
wav/iwslt2024_bho-hi-1730-201923184024_15.wav	0	5.48
wav/iwslt2024_bho-hi-1730-201923184024_16.wav	0	8.32
wav/iwslt2024_bho-hi-1730-201923184024_17.wav	0	7.64
wav/iwslt2024_bho-hi-1730-201923184024_18.wav	0	9.96
wav/iwslt2024_bho-hi-1730-201923184024_19.wav	0	5.2
wav/iwslt2024_bho-hi-1730-201923184024_20.wav	0	6.24
wav/iwslt2024_bho-hi-1730-201923184024_21.wav	0	7.44
wav/iwslt2024_bho-hi-1730-201923184024_22.wav	0	4.72
wav/iwslt2024_bho-hi-1730-201923184024_23.wav	0	6.32
wav/iwslt2024_bho-hi-1730-201923184024_24.wav	0	7.92
wav/iwslt2024_bho-hi-1730-201923184024_25.wav	0	10.36
wav/iwslt2024_bho-hi-1730-201923184024_26.wav	0	4.28
wav/iwslt2024_bho-hi-1730-201923184024_27.wav	0	6.32
wav/iwslt2024_bho-hi-1730-201923184024_28.wav	0	14.08
wav/iwslt2024_bho-hi-1730-201923184024_30.wav	0	1.96
wav/iwslt2024_bho-hi-1730-201923184024_31.wav	0	4.4
wav/iwslt2024_bho-hi-1730-201923184024_32.wav	0	10.84
wav/iwslt2024_bho-hi-1730-201923184024_33.wav	0	11.56
wav/iwslt2024_bho-hi-1730-201923184024_34.wav	0	4.84
wav/iwslt2024_bho-hi-1730-201923184024_35.wav	0	7.92
wav/iwslt2024_bho-hi-1730-201924192657_1.wav	0	10.4
wav/iwslt2024_bho-hi-1730-201924192657_2.wav	0	8.28
wav/iwslt2024_bho-hi-1730-201924192657_3.wav	0	5.04
wav/iwslt2024_bho-hi-1730-201924192657_4.wav	0	7.76
wav/iwslt2024_bho-hi-1730-201924192657_5.wav	0	6.08
wav/iwslt2024_bho-hi-1730-201924192657_6.wav	0	4.52
wav/iwslt2024_bho-hi-1730-201924192657_7.wav	0	3.4
wav/iwslt2024_bho-hi-1730-201924192657_8.wav	0	6.72
wav/iwslt2024_bho-hi-1730-201924192657_9.wav	0	11.6
wav/iwslt2024_bho-hi-1730-201924192657_10.wav	0	6.04
wav/iwslt2024_bho-hi-1730-201924192657_11.wav	0	5.04
wav/iwslt2024_bho-hi-1730-201924192657_12.wav	0	7.2
wav/iwslt2024_bho-hi-1730-201924192657_13.wav	0	5.72
wav/iwslt2024_bho-hi-1730-201924192657_14.wav	0	7.48
wav/iwslt2024_bho-hi-1730-201924192657_15.wav	0	9.76
wav/iwslt2024_bho-hi-1730-201924192657_16.wav	0	2.76
wav/iwslt2024_bho-hi-1730-201924192657_17.wav	0	4.36
wav/iwslt2024_bho-hi-1730-201924192657_18.wav	0	3.96
wav/iwslt2024_bho-hi-1730-201924192657_19.wav	0	5.44
wav/iwslt2024_bho-hi-1730-201924192657_20.wav	0	7.24
wav/iwslt2024_bho-hi-1730-201924192657_21.wav	0	4.36
wav/iwslt2024_bho-hi-1730-201924192657_22.wav	0	6.6
wav/iwslt2024_bho-hi-1730-201924192657_23.wav	0	6.84
wav/iwslt2024_bho-hi-1730-201924192657_24.wav	0	1.64
wav/iwslt2024_bho-hi-1730-201924192657_25.wav	0	6.48
wav/iwslt2024_bho-hi-1730-201924192657_26.wav	0	4.36
wav/iwslt2024_bho-hi-1730-201924192657_27.wav	0	2.84
wav/iwslt2024_bho-hi-1730-201924192657_28.wav	0	5
wav/iwslt2024_bho-hi-1730-201924192657_29.wav	0	6.16
wav/iwslt2024_bho-hi-1730-201924192657_30.wav	0	4.92
wav/iwslt2024_bho-hi-1730-201924192657_31.wav	0	5.88
wav/iwslt2024_bho-hi-1730-201924192657_32.wav	0	5.84
wav/iwslt2024_bho-hi-1730-201924192657_33.wav	0	5.56
wav/iwslt2024_bho-hi-1730-201924192657_34.wav	0	8.4
wav/iwslt2024_bho-hi-1730-201924192657_36.wav	0	3.32
wav/iwslt2024_bho-hi-1730-201924192657_37.wav	0	7.88
wav/iwslt2024_bho-hi-1730-201924192657_38.wav	0	8.88
wav/iwslt2024_bho-hi-1730-201924192657_39.wav	0	3.52
wav/iwslt2024_bho-hi-1730-201924192657_40.wav	0	3.8
wav/iwslt2024_bho-hi-1730-201924192657_41.wav	0	8.8
wav/iwslt2024_bho-hi-1730-201924192657_42.wav	0	5.96
wav/iwslt2024_bho-hi-1730-201926193135_1.wav	0	10.76
wav/iwslt2024_bho-hi-1730-201926193135_2.wav	0	13
wav/iwslt2024_bho-hi-1730-201926193135_3.wav	0	11.64
wav/iwslt2024_bho-hi-1730-201926193135_4.wav	0	7
wav/iwslt2024_bho-hi-1730-201926193135_5.wav	0	8.76
wav/iwslt2024_bho-hi-1730-201926193135_6.wav	0	3.92
wav/iwslt2024_bho-hi-1730-201926193135_7.wav	0	8.92
wav/iwslt2024_bho-hi-1730-201926193135_8.wav	0	8.92
wav/iwslt2024_bho-hi-1730-201926193135_9.wav	0	3.72
wav/iwslt2024_bho-hi-1730-201926193135_10.wav	0	6.48
wav/iwslt2024_bho-hi-1730-201926193135_11.wav	0	6.64
wav/iwslt2024_bho-hi-1730-201926193135_12.wav	0	7.6
wav/iwslt2024_bho-hi-1730-201926193135_13.wav	0	9.6
wav/iwslt2024_bho-hi-1730-201926193135_14.wav	0	14.12
wav/iwslt2024_bho-hi-1730-201926193135_15.wav	0	9.56
wav/iwslt2024_bho-hi-1730-201926193135_16.wav	0	6.92
wav/iwslt2024_bho-hi-1730-201926193135_17.wav	0	5.92
wav/iwslt2024_bho-hi-1730-201926193135_18.wav	0	10.08
wav/iwslt2024_bho-hi-1730-201926193135_19.wav	0	5.56
wav/iwslt2024_bho-hi-1730-201926193135_20.wav	0	11.4
wav/iwslt2024_bho-hi-1730-201926193135_22.wav	0	4.16
wav/iwslt2024_bho-hi-1730-201926193135_23.wav	0	6.12
wav/iwslt2024_bho-hi-1730-201926193135_24.wav	0	2.68
wav/iwslt2024_bho-hi-1730-201926193135_25.wav	0	7.64
wav/iwslt2024_bho-hi-1730-201926193135_26.wav	0	9.92
wav/iwslt2024_bho-hi-1730-201926193135_27.wav	0	9.44
wav/iwslt2024_bho-hi-1730-201926193135_28.wav	0	5.48
wav/iwslt2024_bho-hi-1730-201926193135_29.wav	0	6.08
wav/iwslt2024_bho-hi-1730-201926193135_30.wav	0	4.28
wav/iwslt2024_bho-hi-1730-201926193135_31.wav	0	11.96
wav/iwslt2024_bho-hi-1730-201926193135_32.wav	0	12.44
wav/iwslt2024_bho-hi-1730-201926193135_33.wav	0	6.04
wav/iwslt2024_bho-hi-1730-201926193135_34.wav	0	8.56
wav/iwslt2024_bho-hi-1730-201926193135_35.wav	0	9.8
wav/iwslt2024_bho-hi-1730-201928194232_1.wav	0	7.36
wav/iwslt2024_bho-hi-1730-201928194232_2.wav	0	4.6
wav/iwslt2024_bho-hi-1730-201928194232_3.wav	0	6.64
wav/iwslt2024_bho-hi-1730-201928194232_4.wav	0	10.92
wav/iwslt2024_bho-hi-1730-201928194232_5.wav	0	4.88
wav/iwslt2024_bho-hi-1730-201928194232_6.wav	0	8.52
wav/iwslt2024_bho-hi-1730-201928194232_7.wav	0	9.92
wav/iwslt2024_bho-hi-1730-201928194232_8.wav	0	6.52
wav/iwslt2024_bho-hi-1730-201928194232_9.wav	0	10.28
wav/iwslt2024_bho-hi-1730-201928194232_12.wav	0	5.08
wav/iwslt2024_bho-hi-1730-201928194232_13.wav	0	4.4
wav/iwslt2024_bho-hi-1730-201928194232_14.wav	0	8.32
wav/iwslt2024_bho-hi-1730-201928194232_15.wav	0	5.84
wav/iwslt2024_bho-hi-1730-201928194232_16.wav	0	7.28
wav/iwslt2024_bho-hi-1730-201928194232_17.wav	0	10.92
wav/iwslt2024_bho-hi-1730-201928194232_19.wav	0	5.52
wav/iwslt2024_bho-hi-1730-201928194232_20.wav	0	11.76
wav/iwslt2024_bho-hi-1730-201928194232_22.wav	0	3.04
wav/iwslt2024_bho-hi-1730-201928194232_23.wav	0	4.88
wav/iwslt2024_bho-hi-1730-201928194232_24.wav	0	1.92
wav/iwslt2024_bho-hi-1730-201928194232_25.wav	0	6.52
wav/iwslt2024_bho-hi-1730-201928194232_26.wav	0	5.48
wav/iwslt2024_bho-hi-1730-201928194232_27.wav	0	2.4
wav/iwslt2024_bho-hi-1730-201928194232_28.wav	0	7.8
wav/iwslt2024_bho-hi-1730-201928194232_29.wav	0	8.56
wav/iwslt2024_bho-hi-1730-201931019524_1.wav	0	3.92
wav/iwslt2024_bho-hi-1730-201931019524_2.wav	0	7.08
wav/iwslt2024_bho-hi-1730-201931019524_3.wav	0	2.04
wav/iwslt2024_bho-hi-1730-201931019524_4.wav	0	6.2
wav/iwslt2024_bho-hi-1730-201931019524_5.wav	0	8.12
wav/iwslt2024_bho-hi-1730-201931019524_6.wav	0	6.92
wav/iwslt2024_bho-hi-1730-201931019524_7.wav	0	5.72
wav/iwslt2024_bho-hi-1730-201931019524_8.wav	0	4.92
wav/iwslt2024_bho-hi-1730-201931019524_9.wav	0	8.6
wav/iwslt2024_bho-hi-1730-201931019524_10.wav	0	6.2
wav/iwslt2024_bho-hi-1730-201931019524_11.wav	0	5.92
wav/iwslt2024_bho-hi-1730-201931019524_12.wav	0	8.28
wav/iwslt2024_bho-hi-1730-201931019524_13.wav	0	3.56
wav/iwslt2024_bho-hi-1730-201931019524_14.wav	0	9
wav/iwslt2024_bho-hi-1730-201931019524_15.wav	0	7.44
wav/iwslt2024_bho-hi-1730-201931019524_16.wav	0	7.52
wav/iwslt2024_bho-hi-1730-201931019524_17.wav	0	11.28
wav/iwslt2024_bho-hi-1730-201931019524_18.wav	0	8.28
wav/iwslt2024_bho-hi-1730-201931019524_19.wav	0	5.92
wav/iwslt2024_bho-hi-1730-201931019524_20.wav	0	3.92
wav/iwslt2024_bho-hi-1730-201931019524_21.wav	0	13.32
wav/iwslt2024_bho-hi-1730-201931019524_23.wav	0	5.44
wav/iwslt2024_bho-hi-1730-201931019524_24.wav	0	7.48
wav/iwslt2024_bho-hi-1730-201931019524_25.wav	0	4.28
wav/iwslt2024_bho-hi-1730-201931019524_26.wav	0	5.44
wav/iwslt2024_bho-hi-1730-201931019524_27.wav	0	11
wav/iwslt2024_bho-hi-1730-201931019524_28.wav	0	3.72
wav/iwslt2024_bho-hi-1730-201931019524_29.wav	0	9.64
wav/iwslt2024_bho-hi-1730-201931019524_30.wav	0	6.92
wav/iwslt2024_bho-hi-1730-201931019524_31.wav	0	4.84
wav/iwslt2024_bho-hi-1730-201931019524_32.wav	0	7.04
wav/iwslt2024_bho-hi-1730-201931019524_33.wav	0	9.64
wav/iwslt2024_bho-hi-1730-201931019524_34.wav	0	8.72
wav/iwslt2024_bho-hi-1730-201931019524_35.wav	0	11.36
wav/iwslt2024_bho-hi-1730-201931119052_1.wav	0	7.12
wav/iwslt2024_bho-hi-1730-201931119052_2.wav	0	3.72
wav/iwslt2024_bho-hi-1730-201931119052_3.wav	0	6.64
wav/iwslt2024_bho-hi-1730-201931119052_4.wav	0	6.6
wav/iwslt2024_bho-hi-1730-201931119052_5.wav	0	5.6
wav/iwslt2024_bho-hi-1730-201931119052_6.wav	0	4.16
wav/iwslt2024_bho-hi-1730-201931119052_8.wav	0	6.16
wav/iwslt2024_bho-hi-1730-201931119052_9.wav	0	10.52
wav/iwslt2024_bho-hi-1730-201931119052_10.wav	0	5.28
wav/iwslt2024_bho-hi-1730-201931119052_11.wav	0	6.8
wav/iwslt2024_bho-hi-1730-201931119052_12.wav	0	8.84
wav/iwslt2024_bho-hi-1730-201931119052_13.wav	0	7.64
wav/iwslt2024_bho-hi-1730-201931119052_14.wav	0	10.2
wav/iwslt2024_bho-hi-1730-201931119052_15.wav	0	7.4
wav/iwslt2024_bho-hi-1730-201931119052_16.wav	0	3
wav/iwslt2024_bho-hi-1730-201931119052_17.wav	0	11.32
wav/iwslt2024_bho-hi-1730-201931119052_18.wav	0	10.6
wav/iwslt2024_bho-hi-1730-201931119052_22.wav	0	4.68
wav/iwslt2024_bho-hi-1730-201931119052_23.wav	0	14.56
wav/iwslt2024_bho-hi-1730-201931119052_24.wav	0	5
wav/iwslt2024_bho-hi-1730-201931119052_25.wav	0	5.6
wav/iwslt2024_bho-hi-1730-201931119052_26.wav	0	2.44
wav/iwslt2024_bho-hi-1730-201931119052_27.wav	0	8
wav/iwslt2024_bho-hi-1730-201931119052_28.wav	0	11.92
wav/iwslt2024_bho-hi-1730-201931119052_29.wav	0	5.16
wav/iwslt2024_bho-hi-1730-201931119052_30.wav	0	7.2
wav/iwslt2024_bho-hi-1730-201931119052_31.wav	0	10.8
wav/iwslt2024_bho-hi-1730-201931193529_2.wav	0	2.4
wav/iwslt2024_bho-hi-1730-201931193529_3.wav	0	7.12
wav/iwslt2024_bho-hi-1730-201931193529_4.wav	0	1.84
wav/iwslt2024_bho-hi-1730-201931193529_6.wav	0	5.56
wav/iwslt2024_bho-hi-1730-201931193529_7.wav	0	12.24
wav/iwslt2024_bho-hi-1730-201931193529_8.wav	0	4.4
wav/iwslt2024_bho-hi-1730-201931193529_9.wav	0	7.56
wav/iwslt2024_bho-hi-1730-201931193529_10.wav	0	7.6
wav/iwslt2024_bho-hi-1730-201931193529_11.wav	0	6.68
wav/iwslt2024_bho-hi-1730-201931193529_12.wav	0	8.6
wav/iwslt2024_bho-hi-1730-201931193529_13.wav	0	13
wav/iwslt2024_bho-hi-1730-201931193529_14.wav	0	12.96
wav/iwslt2024_bho-hi-1730-201931193529_15.wav	0	11.84
wav/iwslt2024_bho-hi-1730-201931193529_16.wav	0	11.24
wav/iwslt2024_bho-hi-1730-201931193529_17.wav	0	8.96
wav/iwslt2024_bho-hi-1730-201931193529_18.wav	0	8.68
wav/iwslt2024_bho-hi-1730-201931193529_19.wav	0	7.56
wav/iwslt2024_bho-hi-1730-201931193529_20.wav	0	11.44
wav/iwslt2024_bho-hi-1730-201931193529_23.wav	0	10.64
wav/iwslt2024_bho-hi-1730-201931193529_25.wav	0	1.64
wav/iwslt2024_bho-hi-1730-201931193529_26.wav	0	7.56
wav/iwslt2024_bho-hi-1730-201931193529_27.wav	0	2.08
wav/iwslt2024_bho-hi-1730-201931193529_30.wav	0	13.52
wav/iwslt2024_bho-hi-1730-201931193529_31.wav	0	2.32
wav/iwslt2024_bho-hi-1730-201931193529_32.wav	0	14.08
wav/iwslt2024_bho-hi-1730-201931193529_33.wav	0	12.56
wav/iwslt2024_bho-hi-1730-201931193529_34.wav	0	9.96
wav/iwslt2024_bho-hi-1730-201931420949_1.wav	0	3.32
wav/iwslt2024_bho-hi-1730-201931420949_2.wav	0	7.28
wav/iwslt2024_bho-hi-1730-201931420949_3.wav	0	3.56
wav/iwslt2024_bho-hi-1730-201931420949_4.wav	0	1.84
wav/iwslt2024_bho-hi-1730-201931420949_5.wav	0	5.88
wav/iwslt2024_bho-hi-1730-201931420949_6.wav	0	8.64
wav/iwslt2024_bho-hi-1730-201931420949_7.wav	0	3.56
wav/iwslt2024_bho-hi-1730-201931420949_9.wav	0	8
wav/iwslt2024_bho-hi-1730-201931420949_10.wav	0	9.88
wav/iwslt2024_bho-hi-1730-201931420949_11.wav	0	4.52
wav/iwslt2024_bho-hi-1730-201931420949_12.wav	0	8.72
wav/iwslt2024_bho-hi-1730-201931420949_13.wav	0	8.44
wav/iwslt2024_bho-hi-1730-201931420949_15.wav	0	11.6
wav/iwslt2024_bho-hi-1730-201931420949_16.wav	0	13
wav/iwslt2024_bho-hi-1730-201931420949_17.wav	0	12.48
wav/iwslt2024_bho-hi-1730-201931420949_18.wav	0	6.44
wav/iwslt2024_bho-hi-1730-201931420949_19.wav	0	9.92
wav/iwslt2024_bho-hi-1730-201931420949_20.wav	0	4.44
wav/iwslt2024_bho-hi-1730-201931420949_21.wav	0	7.68
wav/iwslt2024_bho-hi-1730-201931420949_22.wav	0	7.76
wav/iwslt2024_bho-hi-1730-201931420949_23.wav	0	4.32
wav/iwslt2024_bho-hi-1730-201931420949_24.wav	0	10.68
wav/iwslt2024_bho-hi-1730-201931420949_25.wav	0	6.72
wav/iwslt2024_bho-hi-1730-201931420949_26.wav	0	6.64
wav/iwslt2024_bho-hi-1730-201931420949_27.wav	0	11.08
wav/iwslt2024_bho-hi-1730-201931420949_28.wav	0	14.16
wav/iwslt2024_bho-hi-1730-201931420949_29.wav	0	8.2
wav/iwslt2024_bho-hi-1730-201931420949_30.wav	0	1.72
wav/iwslt2024_bho-hi-1730-201931420949_31.wav	0	3.68
wav/iwslt2024_bho-hi-1730-201931420949_32.wav	0	5.28
wav/iwslt2024_bho-hi-1730-201931420949_33.wav	0	5.36
wav/iwslt2024_bho-hi-1730-201931519451_1.wav	0	9.48
wav/iwslt2024_bho-hi-1730-201931519451_3.wav	0	8.56
wav/iwslt2024_bho-hi-1730-201931519451_4.wav	0	7.52
wav/iwslt2024_bho-hi-1730-201931519451_5.wav	0	12.8
wav/iwslt2024_bho-hi-1730-201931519451_6.wav	0	12.2
wav/iwslt2024_bho-hi-1730-201931519451_8.wav	0	8.56
wav/iwslt2024_bho-hi-1730-201931519451_9.wav	0	3.76
wav/iwslt2024_bho-hi-1730-201931519451_10.wav	0	5.2
wav/iwslt2024_bho-hi-1730-201931519451_11.wav	0	7.72
wav/iwslt2024_bho-hi-1730-201931519451_12.wav	0	13.56
wav/iwslt2024_bho-hi-1730-201931519451_13.wav	0	4.96
wav/iwslt2024_bho-hi-1730-201931519451_14.wav	0	6.68
wav/iwslt2024_bho-hi-1730-201931519451_15.wav	0	6.52
wav/iwslt2024_bho-hi-1730-201931519451_16.wav	0	4.48
wav/iwslt2024_bho-hi-1730-201931519451_17.wav	0	9.08
wav/iwslt2024_bho-hi-1730-201931519451_18.wav	0	7.48
wav/iwslt2024_bho-hi-1730-201931519451_19.wav	0	8.76
wav/iwslt2024_bho-hi-1730-201931519451_20.wav	0	8.04
wav/iwslt2024_bho-hi-1730-201931519451_21.wav	0	8.4
wav/iwslt2024_bho-hi-1730-201931519451_22.wav	0	7.8
wav/iwslt2024_bho-hi-1730-201931519451_23.wav	0	6.4
wav/iwslt2024_bho-hi-1730-201931519451_24.wav	0	10.36
wav/iwslt2024_bho-hi-1730-201931519451_25.wav	0	5.48
wav/iwslt2024_bho-hi-1730-201931519451_27.wav	0	5.72
wav/iwslt2024_bho-hi-1730-201931519451_28.wav	0	3.28
wav/iwslt2024_bho-hi-1730-201932182931_1.wav	0	11
wav/iwslt2024_bho-hi-1730-201932182931_2.wav	0	12.36
wav/iwslt2024_bho-hi-1730-201932182931_3.wav	0	10.4
wav/iwslt2024_bho-hi-1730-201932182931_4.wav	0	6.2
wav/iwslt2024_bho-hi-1730-201932182931_5.wav	0	12.72
wav/iwslt2024_bho-hi-1730-201932182931_6.wav	0	4.64
wav/iwslt2024_bho-hi-1730-201932182931_7.wav	0	8.36
wav/iwslt2024_bho-hi-1730-201932182931_8.wav	0	6.96
wav/iwslt2024_bho-hi-1730-201932182931_9.wav	0	3.92
wav/iwslt2024_bho-hi-1730-201932182931_10.wav	0	3.6
wav/iwslt2024_bho-hi-1730-201932182931_11.wav	0	14.6
wav/iwslt2024_bho-hi-1730-201932182931_12.wav	0	6.76
wav/iwslt2024_bho-hi-1730-201932182931_13.wav	0	14.88
wav/iwslt2024_bho-hi-1730-201932182931_14.wav	0	4.08
wav/iwslt2024_bho-hi-1730-201932182931_15.wav	0	7.08
wav/iwslt2024_bho-hi-1730-201932182931_16.wav	0	9.36
wav/iwslt2024_bho-hi-1730-201932182931_17.wav	0	1.88
wav/iwslt2024_bho-hi-1730-201932182931_18.wav	0	11.28
wav/iwslt2024_bho-hi-1730-201932182931_19.wav	0	13
wav/iwslt2024_bho-hi-1730-201932182931_20.wav	0	7.72
wav/iwslt2024_bho-hi-1730-201932182931_21.wav	0	1.56
wav/iwslt2024_bho-hi-1730-201932182931_23.wav	0	14.16
wav/iwslt2024_bho-hi-1730-201932182931_24.wav	0	9.36
wav/iwslt2024_bho-hi-1730-201932182931_25.wav	0	7.44
wav/iwslt2024_bho-hi-1730-201932182931_26.wav	0	3.2
wav/iwslt2024_bho-hi-1730-201932182931_27.wav	0	3.68
wav/iwslt2024_bho-hi-1730-201932182931_28.wav	0	3.04
wav/iwslt2024_bho-hi-1730-201932182931_29.wav	0	10.76
wav/iwslt2024_bho-hi-1730-201932182931_30.wav	0	4.68
wav/iwslt2024_bho-hi-1730-201932182931_31.wav	0	13
wav/iwslt2024_bho-hi-1730-201932182931_32.wav	0	9.56
wav/iwslt2024_bho-hi-1730-201932182931_33.wav	0	2.76
wav/iwslt2024_bho-hi-1730-201932219286_1.wav	0	6.48
wav/iwslt2024_bho-hi-1730-201932219286_2.wav	0	7.8
wav/iwslt2024_bho-hi-1730-201932219286_3.wav	0	8.08
wav/iwslt2024_bho-hi-1730-201932219286_4.wav	0	6.32
wav/iwslt2024_bho-hi-1730-201932219286_5.wav	0	2.88
wav/iwslt2024_bho-hi-1730-201932219286_6.wav	0	10.72
wav/iwslt2024_bho-hi-1730-201932219286_7.wav	0	7.6
wav/iwslt2024_bho-hi-1730-201932219286_8.wav	0	8.76
wav/iwslt2024_bho-hi-1730-201932219286_9.wav	0	4.8
wav/iwslt2024_bho-hi-1730-201932219286_10.wav	0	5.96
wav/iwslt2024_bho-hi-1730-201932219286_11.wav	0	3.76
wav/iwslt2024_bho-hi-1730-201932219286_12.wav	0	10.84
wav/iwslt2024_bho-hi-1730-201932219286_13.wav	0	12.52
wav/iwslt2024_bho-hi-1730-201932219286_14.wav	0	6.76
wav/iwslt2024_bho-hi-1730-201932219286_15.wav	0	4.04
wav/iwslt2024_bho-hi-1730-201932219286_16.wav	0	9.64
wav/iwslt2024_bho-hi-1730-201932219286_17.wav	0	5.28
wav/iwslt2024_bho-hi-1730-201932219286_18.wav	0	8.2
wav/iwslt2024_bho-hi-1730-201932219286_19.wav	0	8.2
wav/iwslt2024_bho-hi-1730-201932219286_21.wav	0	12.88
wav/iwslt2024_bho-hi-1730-201932219286_22.wav	0	7.76
wav/iwslt2024_bho-hi-1730-201932219286_23.wav	0	5.6
wav/iwslt2024_bho-hi-1730-201932219286_24.wav	0	7.36
wav/iwslt2024_bho-hi-1730-201932219286_25.wav	0	10.76
wav/iwslt2024_bho-hi-1730-201932219286_26.wav	0	7.36
wav/iwslt2024_bho-hi-1730-201932219286_27.wav	0	3.72
wav/iwslt2024_bho-hi-1730-201932219286_28.wav	0	4.84
wav/iwslt2024_bho-hi-1730-201932219286_29.wav	0	4.08
wav/iwslt2024_bho-hi-1730-201932219286_30.wav	0	5.44
wav/iwslt2024_bho-hi-1730-201932219286_31.wav	0	5
wav/iwslt2024_bho-hi-1730-201932219286_32.wav	0	6.6
wav/iwslt2024_bho-hi-1730-201932219286_33.wav	0	6.88
wav/iwslt2024_bho-hi-1730-201932219286_34.wav	0	1.84
wav/iwslt2024_bho-hi-1730-201932219286_35.wav	0	6.52
wav/iwslt2024_bho-hi-1730-201932219286_36.wav	0	3.8
wav/iwslt2024_bho-hi-1730-201932219286_37.wav	0	5.92
wav/iwslt2024_bho-hi-1730-201932219286_38.wav	0	5.56
wav/iwslt2024_bho-hi-1730-201932219286_39.wav	0	14.2
wav/iwslt2024_bho-hi-1730-201932519117_1.wav	0	6.32
wav/iwslt2024_bho-hi-1730-201932519117_2.wav	0	7.8
wav/iwslt2024_bho-hi-1730-201932519117_3.wav	0	5.96
wav/iwslt2024_bho-hi-1730-201932519117_4.wav	0	4.28
wav/iwslt2024_bho-hi-1730-201932519117_5.wav	0	2.56
wav/iwslt2024_bho-hi-1730-201932519117_6.wav	0	9.56
wav/iwslt2024_bho-hi-1730-201932519117_7.wav	0	6.12
wav/iwslt2024_bho-hi-1730-201932519117_8.wav	0	8.04
wav/iwslt2024_bho-hi-1730-201932519117_9.wav	0	5.72
wav/iwslt2024_bho-hi-1730-201932519117_10.wav	0	11.32
wav/iwslt2024_bho-hi-1730-201932519117_11.wav	0	8.24
wav/iwslt2024_bho-hi-1730-201932519117_12.wav	0	6.16
wav/iwslt2024_bho-hi-1730-201932519117_13.wav	0	8.56
wav/iwslt2024_bho-hi-1730-201932519117_15.wav	0	4.96
wav/iwslt2024_bho-hi-1730-201932519117_16.wav	0	5.92
wav/iwslt2024_bho-hi-1730-201932519117_17.wav	0	2.84
wav/iwslt2024_bho-hi-1730-201932519117_18.wav	0	2.24
wav/iwslt2024_bho-hi-1730-201932519117_19.wav	0	6.36
wav/iwslt2024_bho-hi-1730-201932519117_21.wav	0	14.28
wav/iwslt2024_bho-hi-1730-201932519117_22.wav	0	13.2
wav/iwslt2024_bho-hi-1730-201932519117_23.wav	0	4.28
wav/iwslt2024_bho-hi-1730-201932519117_24.wav	0	4.24
wav/iwslt2024_bho-hi-1730-201932519117_25.wav	0	2.72
wav/iwslt2024_bho-hi-1730-201932519117_26.wav	0	4.88
wav/iwslt2024_bho-hi-1730-201932519117_27.wav	0	5
wav/iwslt2024_bho-hi-1730-201932519117_28.wav	0	11.28
wav/iwslt2024_bho-hi-1730-201932519117_29.wav	0	8
wav/iwslt2024_bho-hi-1730-201932519117_31.wav	0	6.24
wav/iwslt2024_bho-hi-1730-201932519117_32.wav	0	9.8
wav/iwslt2024_bho-hi-1730-201932519117_34.wav	0	4.4
wav/iwslt2024_bho-hi-1730-201932519117_35.wav	0	1.84
wav/iwslt2024_bho-hi-1730-201932719451_1.wav	0	9.48
wav/iwslt2024_bho-hi-1730-201932719451_2.wav	0	4.12
wav/iwslt2024_bho-hi-1730-201932719451_3.wav	0	6.2
wav/iwslt2024_bho-hi-1730-201932719451_4.wav	0	6.48
wav/iwslt2024_bho-hi-1730-201932719451_5.wav	0	4
wav/iwslt2024_bho-hi-1730-201932719451_6.wav	0	9.12
wav/iwslt2024_bho-hi-1730-201932719451_7.wav	0	6.48
wav/iwslt2024_bho-hi-1730-201932719451_8.wav	0	8.44
wav/iwslt2024_bho-hi-1730-201932719451_9.wav	0	4.6
wav/iwslt2024_bho-hi-1730-201932719451_10.wav	0	7.48
wav/iwslt2024_bho-hi-1730-201932719451_11.wav	0	9.68
wav/iwslt2024_bho-hi-1730-201932719451_13.wav	0	9.88
wav/iwslt2024_bho-hi-1730-201932719451_14.wav	0	6.88
wav/iwslt2024_bho-hi-1730-201932719451_15.wav	0	7.88
wav/iwslt2024_bho-hi-1730-201932719451_17.wav	0	5.76
wav/iwslt2024_bho-hi-1730-201932719451_18.wav	0	3.72
wav/iwslt2024_bho-hi-1730-201932719451_19.wav	0	4.64
wav/iwslt2024_bho-hi-1730-201932719451_20.wav	0	7.2
wav/iwslt2024_bho-hi-1730-201932719451_21.wav	0	5.4
wav/iwslt2024_bho-hi-1730-201932719451_22.wav	0	11.36
wav/iwslt2024_bho-hi-1730-201932719451_23.wav	0	12.76
wav/iwslt2024_bho-hi-1730-201932719451_24.wav	0	5.28
wav/iwslt2024_bho-hi-1730-201932719451_25.wav	0	12.12
wav/iwslt2024_bho-hi-1730-201932719451_26.wav	0	6.84
wav/iwslt2024_bho-hi-1730-201932719451_27.wav	0	10.72
wav/iwslt2024_bho-hi-1730-201932719451_28.wav	0	13.24
wav/iwslt2024_bho-hi-1730-201932719451_29.wav	0	12.44
wav/iwslt2024_bho-hi-1730-201932719451_30.wav	0	9.32
wav/iwslt2024_bho-hi-1730-201932719451_31.wav	0	11.36
wav/iwslt2024_bho-hi-1730-201932719451_32.wav	0	7.36
wav/iwslt2024_bho-hi-1730-201932719451_33.wav	0	6.8
wav/iwslt2024_bho-hi-1730-201932819377_1.wav	0	7.68
wav/iwslt2024_bho-hi-1730-201932819377_2.wav	0	3.92
wav/iwslt2024_bho-hi-1730-201932819377_3.wav	0	8.48
wav/iwslt2024_bho-hi-1730-201932819377_4.wav	0	11.16
wav/iwslt2024_bho-hi-1730-201932819377_7.wav	0	2.76
wav/iwslt2024_bho-hi-1730-201932819377_8.wav	0	5.4
wav/iwslt2024_bho-hi-1730-201932819377_9.wav	0	5.92
wav/iwslt2024_bho-hi-1730-201932819377_10.wav	0	4.8
wav/iwslt2024_bho-hi-1730-201932819377_11.wav	0	3.6
wav/iwslt2024_bho-hi-1730-201932819377_12.wav	0	7.6
wav/iwslt2024_bho-hi-1730-201932819377_13.wav	0	13.36
wav/iwslt2024_bho-hi-1730-201932819377_14.wav	0	9.04
wav/iwslt2024_bho-hi-1730-201932819377_15.wav	0	3.32
wav/iwslt2024_bho-hi-1730-201932819377_16.wav	0	7.48
wav/iwslt2024_bho-hi-1730-201932819377_17.wav	0	4.48
wav/iwslt2024_bho-hi-1730-201932819377_18.wav	0	6.4
wav/iwslt2024_bho-hi-1730-201932819377_19.wav	0	14.36
wav/iwslt2024_bho-hi-1730-201932819377_20.wav	0	8.32
wav/iwslt2024_bho-hi-1730-201932819377_21.wav	0	11.88
wav/iwslt2024_bho-hi-1730-201932819377_22.wav	0	7.04
wav/iwslt2024_bho-hi-1730-201932819377_23.wav	0	4.88
wav/iwslt2024_bho-hi-1730-201932819377_24.wav	0	14.92
wav/iwslt2024_bho-hi-1730-201932819377_25.wav	0	7.88
wav/iwslt2024_bho-hi-1730-201932819377_26.wav	0	5.16
wav/iwslt2024_bho-hi-1730-201932819377_27.wav	0	8.52
wav/iwslt2024_bho-hi-1730-201932819377_28.wav	0	8.84
wav/iwslt2024_bho-hi-1730-201932819377_29.wav	0	5.4
wav/iwslt2024_bho-hi-1730-201932819377_30.wav	0	12.72
wav/iwslt2024_bho-hi-1730-201932819377_31.wav	0	9.48
wav/iwslt2024_bho-hi-1730-201932819377_32.wav	0	10.36
wav/iwslt2024_bho-hi-1730-201933118508_1.wav	0	9.64
wav/iwslt2024_bho-hi-1730-201933118508_2.wav	0	13.16
wav/iwslt2024_bho-hi-1730-201933118508_3.wav	0	5.96
wav/iwslt2024_bho-hi-1730-201933118508_4.wav	0	7.92
wav/iwslt2024_bho-hi-1730-201933118508_5.wav	0	7.72
wav/iwslt2024_bho-hi-1730-201933118508_6.wav	0	13.36
wav/iwslt2024_bho-hi-1730-201933118508_7.wav	0	9.92
wav/iwslt2024_bho-hi-1730-201933118508_8.wav	0	9.72
wav/iwslt2024_bho-hi-1730-201933118508_9.wav	0	4.24
wav/iwslt2024_bho-hi-1730-201933118508_10.wav	0	5.76
wav/iwslt2024_bho-hi-1730-201933118508_12.wav	0	6.12
wav/iwslt2024_bho-hi-1730-201933118508_13.wav	0	5.28
wav/iwslt2024_bho-hi-1730-201933118508_14.wav	0	10.48
wav/iwslt2024_bho-hi-1730-201933118508_15.wav	0	5.4
wav/iwslt2024_bho-hi-1730-201933118508_16.wav	0	2.48
wav/iwslt2024_bho-hi-1730-201933118508_17.wav	0	12.16
wav/iwslt2024_bho-hi-1730-201933118508_18.wav	0	4.8
wav/iwslt2024_bho-hi-1730-201933118508_19.wav	0	5.48
wav/iwslt2024_bho-hi-1730-201933118508_20.wav	0	14.08
wav/iwslt2024_bho-hi-1730-201933118508_21.wav	0	13.24
wav/iwslt2024_bho-hi-1730-201933118508_22.wav	0	7.36
wav/iwslt2024_bho-hi-1730-201933118508_23.wav	0	8
wav/iwslt2024_bho-hi-1730-201933118508_24.wav	0	7.28
wav/iwslt2024_bho-hi-1730-201933118508_25.wav	0	6.08
wav/iwslt2024_bho-hi-1730-201933118508_26.wav	0	9.72
wav/iwslt2024_bho-hi-1730-201933118508_27.wav	0	3.04
wav/iwslt2024_bho-hi-1730-201933118508_28.wav	0	10.08
wav/iwslt2024_bho-hi-1730-201933118508_29.wav	0	3.36
wav/iwslt2024_bho-hi-1730-201933118508_30.wav	0	5.28
wav/iwslt2024_bho-hi-1730-201933118508_31.wav	0	7.04
wav/iwslt2024_bho-hi-1730-201933118508_32.wav	0	11.6
wav/iwslt2024_bho-hi-1730-201933118508_33.wav	0	5.28
wav/iwslt2024_bho-hi-1730-201933118508_34.wav	0	11.8
wav/iwslt2024_bho-hi-1730-201933118508_35.wav	0	10.4
wav/iwslt2024_bho-hi-1730-201933183153_1.wav	0	10.68
wav/iwslt2024_bho-hi-1730-201933183153_2.wav	0	5.08
wav/iwslt2024_bho-hi-1730-201933183153_3.wav	0	5.84
wav/iwslt2024_bho-hi-1730-201933183153_4.wav	0	9.88
wav/iwslt2024_bho-hi-1730-201933183153_5.wav	0	6.24
wav/iwslt2024_bho-hi-1730-201933183153_6.wav	0	12.8
wav/iwslt2024_bho-hi-1730-201933183153_7.wav	0	12.28
wav/iwslt2024_bho-hi-1730-201933183153_8.wav	0	14.2
wav/iwslt2024_bho-hi-1730-201933183153_9.wav	0	2.52
wav/iwslt2024_bho-hi-1730-201933183153_10.wav	0	9.84
wav/iwslt2024_bho-hi-1730-201933183153_11.wav	0	5.8
wav/iwslt2024_bho-hi-1730-201933183153_12.wav	0	11
wav/iwslt2024_bho-hi-1730-201933183153_13.wav	0	12.52
wav/iwslt2024_bho-hi-1730-201933183153_14.wav	0	6.36
wav/iwslt2024_bho-hi-1730-201933183153_15.wav	0	7.36
wav/iwslt2024_bho-hi-1730-201933183153_16.wav	0	9
wav/iwslt2024_bho-hi-1730-201933183153_17.wav	0	3.12
wav/iwslt2024_bho-hi-1730-201933183153_18.wav	0	9.52
wav/iwslt2024_bho-hi-1730-201933183153_19.wav	0	10.84
wav/iwslt2024_bho-hi-1730-201933183153_20.wav	0	7.08
wav/iwslt2024_bho-hi-1730-201933183153_23.wav	0	6.92
wav/iwslt2024_bho-hi-1730-201933183153_24.wav	0	6.32
wav/iwslt2024_bho-hi-1730-201933183153_25.wav	0	6
wav/iwslt2024_bho-hi-1730-201933183153_26.wav	0	3.88
wav/iwslt2024_bho-hi-1730-201933183153_27.wav	0	6.96
wav/iwslt2024_bho-hi-1730-201933183153_28.wav	0	8.04
wav/iwslt2024_bho-hi-1730-201933183153_29.wav	0	14.24
wav/iwslt2024_bho-hi-1730-201933183153_30.wav	0	8.88
wav/iwslt2024_bho-hi-1730-201934192150_1.wav	0	9.64
wav/iwslt2024_bho-hi-1730-201934192150_2.wav	0	4.44
wav/iwslt2024_bho-hi-1730-201934192150_3.wav	0	9.52
wav/iwslt2024_bho-hi-1730-201934192150_4.wav	0	8
wav/iwslt2024_bho-hi-1730-201934192150_5.wav	0	6.88
wav/iwslt2024_bho-hi-1730-201934192150_6.wav	0	4.64
wav/iwslt2024_bho-hi-1730-201934192150_7.wav	0	8.24
wav/iwslt2024_bho-hi-1730-201934192150_8.wav	0	7.32
wav/iwslt2024_bho-hi-1730-201934192150_9.wav	0	4.4
wav/iwslt2024_bho-hi-1730-201934192150_10.wav	0	9.92
wav/iwslt2024_bho-hi-1730-201934192150_11.wav	0	7.28
wav/iwslt2024_bho-hi-1730-201934192150_12.wav	0	5.76
wav/iwslt2024_bho-hi-1730-201934192150_13.wav	0	5.4
wav/iwslt2024_bho-hi-1730-201934192150_14.wav	0	6
wav/iwslt2024_bho-hi-1730-201934192150_15.wav	0	14.44
wav/iwslt2024_bho-hi-1730-201934192150_16.wav	0	14.12
wav/iwslt2024_bho-hi-1730-201934192150_17.wav	0	11.64
wav/iwslt2024_bho-hi-1730-201934192150_18.wav	0	10.72
wav/iwslt2024_bho-hi-1730-201934192150_19.wav	0	8.24
wav/iwslt2024_bho-hi-1730-201934192150_20.wav	0	8.84
wav/iwslt2024_bho-hi-1730-201934192150_21.wav	0	8.16
wav/iwslt2024_bho-hi-1730-201934192150_22.wav	0	5.16
wav/iwslt2024_bho-hi-1730-201934192150_23.wav	0	8.36
wav/iwslt2024_bho-hi-1730-201934192150_24.wav	0	7.56
wav/iwslt2024_bho-hi-1730-201934192150_25.wav	0	6.76
wav/iwslt2024_bho-hi-1730-201934192150_26.wav	0	2.64
wav/iwslt2024_bho-hi-1730-201934192150_27.wav	0	4.72
wav/iwslt2024_bho-hi-1730-201934192150_28.wav	0	9.68
wav/iwslt2024_bho-hi-1730-201934192150_29.wav	0	4.96
wav/iwslt2024_bho-hi-1730-201934192150_30.wav	0	4.96
wav/iwslt2024_bho-hi-1730-201934192150_31.wav	0	8.2
wav/iwslt2024_bho-hi-1730-201934192150_32.wav	0	4.72
wav/iwslt2024_bho-hi-1730-201934192150_33.wav	0	12.44
wav/iwslt2024_bho-hi-1730-201934192150_34.wav	0	5.28
wav/iwslt2024_bho-hi-1730-201934192150_35.wav	0	5.64
wav/iwslt2024_bho-hi-1730-201934192150_36.wav	0	11.24
wav/iwslt2024_bho-hi-1730-201936192733_1.wav	0	2.08
wav/iwslt2024_bho-hi-1730-201936192733_2.wav	0	7.28
wav/iwslt2024_bho-hi-1730-201936192733_3.wav	0	5.44
wav/iwslt2024_bho-hi-1730-201936192733_4.wav	0	11.04
wav/iwslt2024_bho-hi-1730-201936192733_5.wav	0	11.2
wav/iwslt2024_bho-hi-1730-201936192733_6.wav	0	6.04
wav/iwslt2024_bho-hi-1730-201936192733_7.wav	0	4.08
wav/iwslt2024_bho-hi-1730-201936192733_8.wav	0	5.32
wav/iwslt2024_bho-hi-1730-201936192733_9.wav	0	9.08
wav/iwslt2024_bho-hi-1730-201936192733_10.wav	0	5.04
wav/iwslt2024_bho-hi-1730-201936192733_11.wav	0	7.56
wav/iwslt2024_bho-hi-1730-201936192733_12.wav	0	11.92
wav/iwslt2024_bho-hi-1730-201936192733_13.wav	0	8.12
wav/iwslt2024_bho-hi-1730-201936192733_14.wav	0	5.44
wav/iwslt2024_bho-hi-1730-201936192733_15.wav	0	4.32
wav/iwslt2024_bho-hi-1730-201936192733_16.wav	0	8.32
wav/iwslt2024_bho-hi-1730-201936192733_17.wav	0	5.6
wav/iwslt2024_bho-hi-1730-201936192733_18.wav	0	7.76
wav/iwslt2024_bho-hi-1730-201936192733_20.wav	0	12.24
wav/iwslt2024_bho-hi-1730-201936192733_21.wav	0	13.08
wav/iwslt2024_bho-hi-1730-201936192733_22.wav	0	6.68
wav/iwslt2024_bho-hi-1730-201936192733_23.wav	0	6.72
wav/iwslt2024_bho-hi-1730-201936192733_24.wav	0	8.4
wav/iwslt2024_bho-hi-1730-201936192733_25.wav	0	9.04
wav/iwslt2024_bho-hi-1730-201936192733_26.wav	0	10.24
wav/iwslt2024_bho-hi-1730-201936192733_27.wav	0	8.72
wav/iwslt2024_bho-hi-1730-201936192733_28.wav	0	12.48
wav/iwslt2024_bho-hi-1730-201936192733_29.wav	0	5.68
wav/iwslt2024_bho-hi-1730-201936192733_30.wav	0	10.76
wav/iwslt2024_bho-hi-1730-201936192733_31.wav	0	6.88
wav/iwslt2024_bho-hi-1730-201936192733_32.wav	0	2.64
wav/iwslt2024_bho-hi-1730-201936192733_33.wav	0	6.76
wav/iwslt2024_bho-hi-1730-201937194633_1.wav	0	3.64
wav/iwslt2024_bho-hi-1730-201937194633_2.wav	0	9.8
wav/iwslt2024_bho-hi-1730-201937194633_3.wav	0	8.08
wav/iwslt2024_bho-hi-1730-201937194633_4.wav	0	11.2
wav/iwslt2024_bho-hi-1730-201937194633_5.wav	0	13.12
wav/iwslt2024_bho-hi-1730-201937194633_9.wav	0	9.16
wav/iwslt2024_bho-hi-1730-201937194633_11.wav	0	9.76
wav/iwslt2024_bho-hi-1730-201937194633_12.wav	0	7.92
wav/iwslt2024_bho-hi-1730-201937194633_13.wav	0	15
wav/iwslt2024_bho-hi-1730-201937194633_14.wav	0	2.96
wav/iwslt2024_bho-hi-1730-201937194633_15.wav	0	4.88
wav/iwslt2024_bho-hi-1730-201937194633_16.wav	0	6.6
wav/iwslt2024_bho-hi-1730-201937194633_18.wav	0	6
wav/iwslt2024_bho-hi-1730-201937194633_20.wav	0	8.32
wav/iwslt2024_bho-hi-1730-201937194633_21.wav	0	14.68
wav/iwslt2024_bho-hi-1730-201937194633_22.wav	0	8.68
wav/iwslt2024_bho-hi-1730-201937194633_23.wav	0	8.88
wav/iwslt2024_bho-hi-1730-201938191950_1.wav	0	7.68
wav/iwslt2024_bho-hi-1730-201938191950_2.wav	0	5.64
wav/iwslt2024_bho-hi-1730-201938191950_3.wav	0	6.56
wav/iwslt2024_bho-hi-1730-201938191950_4.wav	0	1.84
wav/iwslt2024_bho-hi-1730-201938191950_5.wav	0	5.2
wav/iwslt2024_bho-hi-1730-201938191950_6.wav	0	13.8
wav/iwslt2024_bho-hi-1730-201938191950_7.wav	0	7.72
wav/iwslt2024_bho-hi-1730-201938191950_8.wav	0	6.12
wav/iwslt2024_bho-hi-1730-201938191950_9.wav	0	4.52
wav/iwslt2024_bho-hi-1730-201938191950_11.wav	0	4.24
wav/iwslt2024_bho-hi-1730-201938191950_13.wav	0	9.8
wav/iwslt2024_bho-hi-1730-201938191950_14.wav	0	9.84
wav/iwslt2024_bho-hi-1730-201938191950_15.wav	0	8.64
wav/iwslt2024_bho-hi-1730-201938191950_16.wav	0	5.44
wav/iwslt2024_bho-hi-1730-201938191950_17.wav	0	1.92
wav/iwslt2024_bho-hi-1730-201938191950_18.wav	0	10.32
wav/iwslt2024_bho-hi-1730-201938191950_19.wav	0	7.16
wav/iwslt2024_bho-hi-1730-201938191950_20.wav	0	7.68
wav/iwslt2024_bho-hi-1730-201938191950_21.wav	0	5.6
wav/iwslt2024_bho-hi-1730-201938191950_22.wav	0	4.36
wav/iwslt2024_bho-hi-1730-201938191950_23.wav	0	8.04
wav/iwslt2024_bho-hi-1730-201938191950_24.wav	0	7.48
wav/iwslt2024_bho-hi-1730-201938191950_25.wav	0	12
wav/iwslt2024_bho-hi-1730-201938191950_26.wav	0	3.48
wav/iwslt2024_bho-hi-1730-201938191950_27.wav	0	7.4
wav/iwslt2024_bho-hi-1730-201938191950_28.wav	0	5.64
wav/iwslt2024_bho-hi-1730-201938191950_29.wav	0	7.44
wav/iwslt2024_bho-hi-1730-201938191950_30.wav	0	6.68
wav/iwslt2024_bho-hi-1730-201938191950_31.wav	0	6.08
wav/iwslt2024_bho-hi-1730-201938191950_32.wav	0	6.44
wav/iwslt2024_bho-hi-1730-201938191950_33.wav	0	9.88
wav/iwslt2024_bho-hi-1730-201938191950_34.wav	0	4.64
wav/iwslt2024_bho-hi-1730-201938191950_35.wav	0	4.96
wav/iwslt2024_bho-hi-1730-201938191950_36.wav	0	8.52
wav/iwslt2024_bho-hi-1730-201939193422_2.wav	0	14.8
wav/iwslt2024_bho-hi-1730-201939193422_3.wav	0	9.28
wav/iwslt2024_bho-hi-1730-201939193422_4.wav	0	12.48
wav/iwslt2024_bho-hi-1730-201939193422_5.wav	0	8.56
wav/iwslt2024_bho-hi-1730-201939193422_6.wav	0	8
wav/iwslt2024_bho-hi-1730-201939193422_7.wav	0	5.68
wav/iwslt2024_bho-hi-1730-201939193422_8.wav	0	9.6
wav/iwslt2024_bho-hi-1730-201939193422_9.wav	0	6.56
wav/iwslt2024_bho-hi-1730-201939193422_10.wav	0	7.8
wav/iwslt2024_bho-hi-1730-201939193422_11.wav	0	14.44
wav/iwslt2024_bho-hi-1730-201939193422_12.wav	0	8.36
wav/iwslt2024_bho-hi-1730-201939193422_13.wav	0	6.48
wav/iwslt2024_bho-hi-1730-201939193422_14.wav	0	7
wav/iwslt2024_bho-hi-1730-201939193422_15.wav	0	9.32
wav/iwslt2024_bho-hi-1730-201939193422_16.wav	0	11.04
wav/iwslt2024_bho-hi-1730-201939193422_18.wav	0	10.36
wav/iwslt2024_bho-hi-1730-201939193422_19.wav	0	11.96
wav/iwslt2024_bho-hi-1730-201939193422_20.wav	0	2.28
wav/iwslt2024_bho-hi-1730-201939193422_21.wav	0	3.68
wav/iwslt2024_bho-hi-1730-201939193422_22.wav	0	8.76
wav/iwslt2024_bho-hi-1730-201939193422_24.wav	0	5.8
wav/iwslt2024_bho-hi-1730-201939193422_25.wav	0	8.56
wav/iwslt2024_bho-hi-1730-201939193422_26.wav	0	6.2
wav/iwslt2024_bho-hi-1730-201939193422_27.wav	0	7.12
wav/iwslt2024_bho-hi-1730-201939193422_28.wav	0	12.88
wav/iwslt2024_bho-hi-1730-201941020525_1.wav	0	8.4
wav/iwslt2024_bho-hi-1730-201941020525_2.wav	0	6.12
wav/iwslt2024_bho-hi-1730-201941020525_3.wav	0	4.24
wav/iwslt2024_bho-hi-1730-201941020525_6.wav	0	8.44
wav/iwslt2024_bho-hi-1730-201941020525_8.wav	0	5.04
wav/iwslt2024_bho-hi-1730-201941020525_9.wav	0	13.2
wav/iwslt2024_bho-hi-1730-201941020525_10.wav	0	12.36
wav/iwslt2024_bho-hi-1730-201941020525_11.wav	0	8.96
wav/iwslt2024_bho-hi-1730-201941020525_12.wav	0	7.24
wav/iwslt2024_bho-hi-1730-201941020525_13.wav	0	9.68
wav/iwslt2024_bho-hi-1730-201941020525_14.wav	0	3.48
wav/iwslt2024_bho-hi-1730-201941020525_16.wav	0	5.4
wav/iwslt2024_bho-hi-1730-201941020525_17.wav	0	3.76
wav/iwslt2024_bho-hi-1730-201941020525_18.wav	0	3.72
wav/iwslt2024_bho-hi-1730-201941020525_19.wav	0	8.6
wav/iwslt2024_bho-hi-1730-201941020525_20.wav	0	6
wav/iwslt2024_bho-hi-1730-201941020525_21.wav	0	3.64
wav/iwslt2024_bho-hi-1730-201941020525_22.wav	0	3.2
wav/iwslt2024_bho-hi-1730-201941020525_23.wav	0	9.28
wav/iwslt2024_bho-hi-1730-201941020525_24.wav	0	2.88
wav/iwslt2024_bho-hi-1730-201941020525_25.wav	0	2.68
wav/iwslt2024_bho-hi-1730-201941020525_26.wav	0	3.84
wav/iwslt2024_bho-hi-1730-201941020525_27.wav	0	8.28
wav/iwslt2024_bho-hi-1730-201941020525_28.wav	0	4.44
wav/iwslt2024_bho-hi-1730-201941020525_29.wav	0	7.04
wav/iwslt2024_bho-hi-1730-201941020525_30.wav	0	9.16
wav/iwslt2024_bho-hi-1730-201941020525_31.wav	0	7.32
wav/iwslt2024_bho-hi-1730-201941020525_32.wav	0	6.68
wav/iwslt2024_bho-hi-1730-201941020525_33.wav	0	9.68
wav/iwslt2024_bho-hi-1730-201941020525_34.wav	0	5.88
wav/iwslt2024_bho-hi-1730-201941020525_35.wav	0	6.2
wav/iwslt2024_bho-hi-1730-201941020525_37.wav	0	6.64
wav/iwslt2024_bho-hi-1730-201941020525_39.wav	0	9
wav/iwslt2024_bho-hi-1730-201941020525_40.wav	0	11.6
wav/iwslt2024_bho-hi-1730-201943193121_1.wav	0	6.64
wav/iwslt2024_bho-hi-1730-201943193121_2.wav	0	5.52
wav/iwslt2024_bho-hi-1730-201943193121_3.wav	0	5.16
wav/iwslt2024_bho-hi-1730-201943193121_4.wav	0	11.88
wav/iwslt2024_bho-hi-1730-201943193121_5.wav	0	5.8
wav/iwslt2024_bho-hi-1730-201943193121_6.wav	0	8.8
wav/iwslt2024_bho-hi-1730-201943193121_7.wav	0	14.68
wav/iwslt2024_bho-hi-1730-201943193121_8.wav	0	8.72
wav/iwslt2024_bho-hi-1730-201943193121_9.wav	0	7.68
wav/iwslt2024_bho-hi-1730-201943193121_10.wav	0	2.52
wav/iwslt2024_bho-hi-1730-201943193121_12.wav	0	4.12
wav/iwslt2024_bho-hi-1730-201943193121_13.wav	0	11.12
wav/iwslt2024_bho-hi-1730-201943193121_14.wav	0	4.84
wav/iwslt2024_bho-hi-1730-201943193121_15.wav	0	5.44
wav/iwslt2024_bho-hi-1730-201943193121_16.wav	0	12.92
wav/iwslt2024_bho-hi-1730-201943193121_17.wav	0	10.92
wav/iwslt2024_bho-hi-1730-201943193121_18.wav	0	12.88
wav/iwslt2024_bho-hi-1730-201943193121_19.wav	0	7.56
wav/iwslt2024_bho-hi-1730-201943193121_21.wav	0	7.2
wav/iwslt2024_bho-hi-1730-201943193121_22.wav	0	11.28
wav/iwslt2024_bho-hi-1730-201943193121_23.wav	0	7.32
wav/iwslt2024_bho-hi-1730-201943193121_24.wav	0	8.28
wav/iwslt2024_bho-hi-1730-201943193121_25.wav	0	6.32
wav/iwslt2024_bho-hi-1730-201943193121_26.wav	0	8.48
wav/iwslt2024_bho-hi-1730-201943193121_27.wav	0	3.08
wav/iwslt2024_bho-hi-1730-201943193121_28.wav	0	9.52
wav/iwslt2024_bho-hi-1730-201943193121_29.wav	0	8.6
wav/iwslt2024_bho-hi-1730-201943193121_30.wav	0	4.84
wav/iwslt2024_bho-hi-1730-201943193121_31.wav	0	7.84
wav/iwslt2024_bho-hi-1730-201943193121_32.wav	0	3.84
wav/iwslt2024_bho-hi-1730-201943193121_33.wav	0	6.08
wav/iwslt2024_bho-hi-1730-201947182945_1.wav	0	4.92
wav/iwslt2024_bho-hi-1730-201947182945_2.wav	0	2.8
wav/iwslt2024_bho-hi-1730-201947182945_3.wav	0	2.48
wav/iwslt2024_bho-hi-1730-201947182945_4.wav	0	9.16
wav/iwslt2024_bho-hi-1730-201947182945_5.wav	0	3.72
wav/iwslt2024_bho-hi-1730-201947182945_6.wav	0	13.04
wav/iwslt2024_bho-hi-1730-201947182945_7.wav	0	11.48
wav/iwslt2024_bho-hi-1730-201947182945_8.wav	0	9.88
wav/iwslt2024_bho-hi-1730-201947182945_9.wav	0	10.52
wav/iwslt2024_bho-hi-1730-201947182945_10.wav	0	5.56
wav/iwslt2024_bho-hi-1730-201947182945_11.wav	0	7.68
wav/iwslt2024_bho-hi-1730-201947182945_12.wav	0	8.6
wav/iwslt2024_bho-hi-1730-201947182945_13.wav	0	6.08
wav/iwslt2024_bho-hi-1730-201947182945_14.wav	0	10.2
wav/iwslt2024_bho-hi-1730-201947182945_15.wav	0	5.76
wav/iwslt2024_bho-hi-1730-201947182945_16.wav	0	12.64
wav/iwslt2024_bho-hi-1730-201947182945_17.wav	0	12.32
wav/iwslt2024_bho-hi-1730-201947182945_18.wav	0	5.2
wav/iwslt2024_bho-hi-1730-201947182945_19.wav	0	11.8
wav/iwslt2024_bho-hi-1730-201947182945_20.wav	0	7.2
wav/iwslt2024_bho-hi-1730-201947182945_21.wav	0	4.68
wav/iwslt2024_bho-hi-1730-201947182945_22.wav	0	5.8
wav/iwslt2024_bho-hi-1730-201947182945_23.wav	0	4.52
wav/iwslt2024_bho-hi-1730-201947182945_24.wav	0	13.36
wav/iwslt2024_bho-hi-1730-201947182945_25.wav	0	6.16
wav/iwslt2024_bho-hi-1730-201947182945_26.wav	0	6.12
wav/iwslt2024_bho-hi-1730-201947182945_27.wav	0	5.92
wav/iwslt2024_bho-hi-1730-201947182945_28.wav	0	4.4
wav/iwslt2024_bho-hi-1730-201947182945_29.wav	0	3.76
wav/iwslt2024_bho-hi-1730-201947182945_30.wav	0	2.24
wav/iwslt2024_bho-hi-1730-201947182945_32.wav	0	4.4
wav/iwslt2024_bho-hi-1730-201947182945_33.wav	0	6.32
wav/iwslt2024_bho-hi-1730-201947182945_34.wav	0	6.12
wav/iwslt2024_bho-hi-1730-201947182945_35.wav	0	4.84
wav/iwslt2024_bho-hi-1730-201947182945_37.wav	0	6.96
wav/iwslt2024_bho-hi-1730-201948183511_2.wav	0	12.64
wav/iwslt2024_bho-hi-1730-201948183511_3.wav	0	11.56
wav/iwslt2024_bho-hi-1730-201948183511_4.wav	0	5.64
wav/iwslt2024_bho-hi-1730-201948183511_5.wav	0	15
wav/iwslt2024_bho-hi-1730-201948183511_7.wav	0	5.72
wav/iwslt2024_bho-hi-1730-201948183511_9.wav	0	7.6
wav/iwslt2024_bho-hi-1730-201948183511_10.wav	0	11.12
wav/iwslt2024_bho-hi-1730-201948183511_11.wav	0	10.48
wav/iwslt2024_bho-hi-1730-201948183511_12.wav	0	9.56
wav/iwslt2024_bho-hi-1730-201948183511_13.wav	0	9.12
wav/iwslt2024_bho-hi-1730-201948183511_16.wav	0	8.68
wav/iwslt2024_bho-hi-1730-201948183511_17.wav	0	10.96
wav/iwslt2024_bho-hi-1730-201948183511_20.wav	0	8.32
wav/iwslt2024_bho-hi-1730-201948183511_21.wav	0	6.28
wav/iwslt2024_bho-hi-1730-201948183511_22.wav	0	6.32
wav/iwslt2024_bho-hi-1730-201948183511_23.wav	0	8.64
wav/iwslt2024_bho-hi-1730-201948183511_24.wav	0	4.84
wav/iwslt2024_bho-hi-1730-201948183511_25.wav	0	4.84
wav/iwslt2024_bho-hi-1730-201948183511_26.wav	0	9.48
wav/iwslt2024_bho-hi-1730-201948183511_27.wav	0	5.28
wav/iwslt2024_bho-hi-1730-201948183511_28.wav	0	10.56
wav/iwslt2024_bho-hi-1730-201949193814_1.wav	0	4.28
wav/iwslt2024_bho-hi-1730-201949193814_2.wav	0	9.68
wav/iwslt2024_bho-hi-1730-201949193814_3.wav	0	4.84
wav/iwslt2024_bho-hi-1730-201949193814_4.wav	0	10.32
wav/iwslt2024_bho-hi-1730-201949193814_5.wav	0	7.72
wav/iwslt2024_bho-hi-1730-201949193814_6.wav	0	6.04
wav/iwslt2024_bho-hi-1730-201949193814_7.wav	0	4.08
wav/iwslt2024_bho-hi-1730-201949193814_8.wav	0	7.48
wav/iwslt2024_bho-hi-1730-201949193814_9.wav	0	8.84
wav/iwslt2024_bho-hi-1730-201949193814_10.wav	0	7.36
wav/iwslt2024_bho-hi-1730-201949193814_11.wav	0	12
wav/iwslt2024_bho-hi-1730-201949193814_12.wav	0	7.24
wav/iwslt2024_bho-hi-1730-201949193814_13.wav	0	12.12
wav/iwslt2024_bho-hi-1730-201949193814_14.wav	0	6.28
wav/iwslt2024_bho-hi-1730-201949193814_15.wav	0	7.88
wav/iwslt2024_bho-hi-1730-201949193814_16.wav	0	14.6
wav/iwslt2024_bho-hi-1730-201949193814_17.wav	0	7.44
wav/iwslt2024_bho-hi-1730-201949193814_18.wav	0	7.56
wav/iwslt2024_bho-hi-1730-201949193814_19.wav	0	12.08
wav/iwslt2024_bho-hi-1730-201949193814_20.wav	0	7.88
wav/iwslt2024_bho-hi-1730-201949193814_21.wav	0	6.56
wav/iwslt2024_bho-hi-1730-201949193814_22.wav	0	9.72
wav/iwslt2024_bho-hi-1730-201949193814_23.wav	0	3.8
wav/iwslt2024_bho-hi-1730-201949193814_24.wav	0	8
wav/iwslt2024_bho-hi-1730-201949193814_25.wav	0	11.12
wav/iwslt2024_bho-hi-1730-201949193814_26.wav	0	9.28
wav/iwslt2024_bho-hi-1730-201949193814_27.wav	0	7.52
wav/iwslt2024_bho-hi-1730-201949193814_28.wav	0	4.12
wav/iwslt2024_bho-hi-1730-201949193814_30.wav	0	4.64
wav/iwslt2024_bho-hi-1730-201949193814_32.wav	0	8.68
wav/iwslt2024_bho-hi-1730-201949193814_33.wav	0	9.48
wav/iwslt2024_bho-hi-1730-201949193814_34.wav	0	6.96
wav/iwslt2024_bho-hi-1730-201949193814_35.wav	0	8.04
wav/iwslt2024_bho-hi-1730-201951519041_3.wav	0	10.76
wav/iwslt2024_bho-hi-1730-201951519041_5.wav	0	9.96
wav/iwslt2024_bho-hi-1730-201951519041_6.wav	0	6.96
wav/iwslt2024_bho-hi-1730-201951519041_7.wav	0	6.92
wav/iwslt2024_bho-hi-1730-201951519041_8.wav	0	6.68
wav/iwslt2024_bho-hi-1730-201951519041_9.wav	0	8.08
wav/iwslt2024_bho-hi-1730-201951519041_10.wav	0	3.88
wav/iwslt2024_bho-hi-1730-201951519041_11.wav	0	6.52
wav/iwslt2024_bho-hi-1730-201951519041_12.wav	0	8.6
wav/iwslt2024_bho-hi-1730-201951519041_13.wav	0	11.92
wav/iwslt2024_bho-hi-1730-201951519041_14.wav	0	4.24
wav/iwslt2024_bho-hi-1730-201951519041_15.wav	0	5.32
wav/iwslt2024_bho-hi-1730-201951519041_16.wav	0	9.6
wav/iwslt2024_bho-hi-1730-201951519041_17.wav	0	5.04
wav/iwslt2024_bho-hi-1730-201951519041_18.wav	0	4.8
wav/iwslt2024_bho-hi-1730-201951519041_19.wav	0	7.44
wav/iwslt2024_bho-hi-1730-201951519041_20.wav	0	2.72
wav/iwslt2024_bho-hi-1730-201951519041_21.wav	0	6.84
wav/iwslt2024_bho-hi-1730-201951519041_22.wav	0	3.48
wav/iwslt2024_bho-hi-1730-201951519041_23.wav	0	6.88
wav/iwslt2024_bho-hi-1730-201951519041_24.wav	0	13.44
wav/iwslt2024_bho-hi-1730-201951519041_25.wav	0	3
wav/iwslt2024_bho-hi-1730-201951519041_26.wav	0	9
wav/iwslt2024_bho-hi-1730-201951519041_27.wav	0	5.36
wav/iwslt2024_bho-hi-1730-201951519041_28.wav	0	9.32
wav/iwslt2024_bho-hi-1730-201951519041_29.wav	0	8.12
wav/iwslt2024_bho-hi-1730-201951519041_30.wav	0	9.12
wav/iwslt2024_bho-hi-1730-201951519041_31.wav	0	6.8
wav/iwslt2024_bho-hi-1730-201951519041_32.wav	0	10.96
wav/iwslt2024_bho-hi-1730-201951519041_33.wav	0	5
wav/iwslt2024_bho-hi-1730-201951519041_34.wav	0	4.08
wav/iwslt2024_bho-hi-1730-201951519041_35.wav	0	10.08
wav/iwslt2024_bho-hi-1730-201951519041_36.wav	0	9.84
wav/iwslt2024_bho-hi-1730-201951519041_37.wav	0	8.48
wav/iwslt2024_bho-hi-1730-201952420059_2.wav	0	3.48
wav/iwslt2024_bho-hi-1730-201952420059_4.wav	0	2.76
wav/iwslt2024_bho-hi-1730-201952420059_5.wav	0	9.08
wav/iwslt2024_bho-hi-1730-201952420059_6.wav	0	6.84
wav/iwslt2024_bho-hi-1730-201952420059_7.wav	0	6.96
wav/iwslt2024_bho-hi-1730-201952420059_8.wav	0	11.36
wav/iwslt2024_bho-hi-1730-201952420059_11.wav	0	11.36
wav/iwslt2024_bho-hi-1730-201952420059_13.wav	0	9.36
wav/iwslt2024_bho-hi-1730-201952420059_14.wav	0	4.52
wav/iwslt2024_bho-hi-1730-201952420059_15.wav	0	5.88
wav/iwslt2024_bho-hi-1730-201952420059_16.wav	0	5.2
wav/iwslt2024_bho-hi-1730-201952420059_17.wav	0	5.28
wav/iwslt2024_bho-hi-1730-201952420059_18.wav	0	3.36
wav/iwslt2024_bho-hi-1730-201952420059_19.wav	0	10.44
wav/iwslt2024_bho-hi-1730-201952420059_20.wav	0	5.2
wav/iwslt2024_bho-hi-1730-201952420059_21.wav	0	8.92
wav/iwslt2024_bho-hi-1730-201952519452_1.wav	0	4.52
wav/iwslt2024_bho-hi-1730-201952519452_2.wav	0	6.16
wav/iwslt2024_bho-hi-1730-201952519452_3.wav	0	9.92
wav/iwslt2024_bho-hi-1730-201952519452_4.wav	0	7.72
wav/iwslt2024_bho-hi-1730-201952519452_5.wav	0	8.24
wav/iwslt2024_bho-hi-1730-201952519452_6.wav	0	4.92
wav/iwslt2024_bho-hi-1730-201952519452_7.wav	0	6.84
wav/iwslt2024_bho-hi-1730-201952519452_8.wav	0	13.04
wav/iwslt2024_bho-hi-1730-201952519452_9.wav	0	9.56
wav/iwslt2024_bho-hi-1730-201952519452_10.wav	0	12.56
wav/iwslt2024_bho-hi-1730-201952519452_11.wav	0	8.68
wav/iwslt2024_bho-hi-1730-201952519452_12.wav	0	12.52
wav/iwslt2024_bho-hi-1730-201952519452_13.wav	0	6.28
wav/iwslt2024_bho-hi-1730-201952519452_14.wav	0	11.52
wav/iwslt2024_bho-hi-1730-201952519452_15.wav	0	7.96
wav/iwslt2024_bho-hi-1730-201952519452_16.wav	0	5.92
wav/iwslt2024_bho-hi-1730-201952519452_17.wav	0	5.6
wav/iwslt2024_bho-hi-1730-201952519452_18.wav	0	4.72
wav/iwslt2024_bho-hi-1730-201952519452_19.wav	0	5.72
wav/iwslt2024_bho-hi-1730-201952519452_20.wav	0	8.92
wav/iwslt2024_bho-hi-1730-201952519452_21.wav	0	4.88
wav/iwslt2024_bho-hi-1730-201952519452_22.wav	0	12.24
wav/iwslt2024_bho-hi-1730-201952519452_23.wav	0	11.76
wav/iwslt2024_bho-hi-1730-201952519452_24.wav	0	8.84
wav/iwslt2024_bho-hi-1730-201952519452_25.wav	0	3.88
wav/iwslt2024_bho-hi-1730-201952519452_26.wav	0	7.52
wav/iwslt2024_bho-hi-1730-201952519452_27.wav	0	14.32
wav/iwslt2024_bho-hi-1730-201952519452_29.wav	0	7.4
wav/iwslt2024_bho-hi-1730-201952519452_30.wav	0	5.4
wav/iwslt2024_bho-hi-1730-201952519452_31.wav	0	6.56
wav/iwslt2024_bho-hi-1730-201952519452_32.wav	0	3.16
wav/iwslt2024_bho-hi-1730-201952519452_33.wav	0	6.12
wav/iwslt2024_bho-hi-1730-201952519452_34.wav	0	6.2
wav/iwslt2024_bho-hi-1730-201952519452_35.wav	0	3.12
wav/iwslt2024_bho-hi-1730-201952519452_36.wav	0	8.88
wav/iwslt2024_bho-hi-1730-201952919758_1.wav	0	5.44
wav/iwslt2024_bho-hi-1730-201952919758_2.wav	0	6.24
wav/iwslt2024_bho-hi-1730-201952919758_3.wav	0	8.8
wav/iwslt2024_bho-hi-1730-201952919758_4.wav	0	10.12
wav/iwslt2024_bho-hi-1730-201952919758_5.wav	0	9.52
wav/iwslt2024_bho-hi-1730-201952919758_7.wav	0	9.64
wav/iwslt2024_bho-hi-1730-201952919758_8.wav	0	7.88
wav/iwslt2024_bho-hi-1730-201952919758_9.wav	0	10.96
wav/iwslt2024_bho-hi-1730-201952919758_10.wav	0	7.32
wav/iwslt2024_bho-hi-1730-201952919758_11.wav	0	8.88
wav/iwslt2024_bho-hi-1730-201952919758_12.wav	0	11.96
wav/iwslt2024_bho-hi-1730-201952919758_13.wav	0	8.48
wav/iwslt2024_bho-hi-1730-201952919758_14.wav	0	5.56
wav/iwslt2024_bho-hi-1730-201952919758_15.wav	0	4.76
wav/iwslt2024_bho-hi-1730-201952919758_16.wav	0	7.76
wav/iwslt2024_bho-hi-1730-201952919758_17.wav	0	13.2
wav/iwslt2024_bho-hi-1730-201952919758_18.wav	0	7.08
wav/iwslt2024_bho-hi-1730-201952919758_19.wav	0	5.68
wav/iwslt2024_bho-hi-1730-201952919758_20.wav	0	7.32
wav/iwslt2024_bho-hi-1730-201952919758_21.wav	0	2.88
wav/iwslt2024_bho-hi-1730-201952919758_22.wav	0	5.64
wav/iwslt2024_bho-hi-1730-201952919758_23.wav	0	4.8
wav/iwslt2024_bho-hi-1730-201952919758_24.wav	0	2.4
wav/iwslt2024_bho-hi-1730-201952919758_25.wav	0	7.6
wav/iwslt2024_bho-hi-1730-201952919758_26.wav	0	8
wav/iwslt2024_bho-hi-1730-201952919758_27.wav	0	3.2
wav/iwslt2024_bho-hi-1730-201952919758_28.wav	0	4.08
wav/iwslt2024_bho-hi-1730-201952919758_29.wav	0	7.72
wav/iwslt2024_bho-hi-1730-201952919758_30.wav	0	5.16
wav/iwslt2024_bho-hi-1730-201952919758_31.wav	0	7.92
wav/iwslt2024_bho-hi-1730-201952919758_32.wav	0	14.48
wav/iwslt2024_bho-hi-1730-201952919758_33.wav	0	10
wav/iwslt2024_bho-hi-1730-201952919758_34.wav	0	10.84
wav/iwslt2024_bho-hi-1730-201952919758_35.wav	0	14.8
wav/iwslt2024_bho-hi-1730-201961019229_1.wav	0	11.28
wav/iwslt2024_bho-hi-1730-201961019229_2.wav	0	5.84
wav/iwslt2024_bho-hi-1730-201961019229_3.wav	0	8.36
wav/iwslt2024_bho-hi-1730-201961019229_4.wav	0	4.6
wav/iwslt2024_bho-hi-1730-201961019229_5.wav	0	9.6
wav/iwslt2024_bho-hi-1730-201961019229_6.wav	0	7.28
wav/iwslt2024_bho-hi-1730-201961019229_7.wav	0	3.48
wav/iwslt2024_bho-hi-1730-201961019229_8.wav	0	9.84
wav/iwslt2024_bho-hi-1730-201961019229_9.wav	0	6.64
wav/iwslt2024_bho-hi-1730-201961019229_10.wav	0	4.72
wav/iwslt2024_bho-hi-1730-201961019229_12.wav	0	1.92
wav/iwslt2024_bho-hi-1730-201961019229_13.wav	0	3.6
wav/iwslt2024_bho-hi-1730-201961019229_14.wav	0	2.92
wav/iwslt2024_bho-hi-1730-201961019229_15.wav	0	3.84
wav/iwslt2024_bho-hi-1730-201961019229_17.wav	0	2.72
wav/iwslt2024_bho-hi-1730-201961019229_18.wav	0	5.88
wav/iwslt2024_bho-hi-1730-201961019229_19.wav	0	7.72
wav/iwslt2024_bho-hi-1730-201961019229_20.wav	0	2.64
wav/iwslt2024_bho-hi-1730-201961019229_21.wav	0	4
wav/iwslt2024_bho-hi-1730-201961019229_22.wav	0	9.4
wav/iwslt2024_bho-hi-1730-201961019229_23.wav	0	9.2
wav/iwslt2024_bho-hi-1730-201961019229_24.wav	0	10.32
wav/iwslt2024_bho-hi-1730-201961019229_26.wav	0	7.56
wav/iwslt2024_bho-hi-1730-201961019229_27.wav	0	1.96
wav/iwslt2024_bho-hi-1730-201961019229_28.wav	0	10
wav/iwslt2024_bho-hi-1730-201961019229_29.wav	0	5.64
wav/iwslt2024_bho-hi-1730-201961019229_30.wav	0	10.2
wav/iwslt2024_bho-hi-1730-201961019229_31.wav	0	9.48
wav/iwslt2024_bho-hi-1730-201961019229_32.wav	0	11.6
wav/iwslt2024_bho-hi-1730-201961019229_33.wav	0	5.2
wav/iwslt2024_bho-hi-1730-201961019229_34.wav	0	5.12
wav/iwslt2024_bho-hi-1730-201961019229_35.wav	0	6.92
wav/iwslt2024_bho-hi-1730-201961019229_36.wav	0	6.12
wav/iwslt2024_bho-hi-1730-201961019229_37.wav	0	4.36
wav/iwslt2024_bho-hi-1730-201961019229_38.wav	0	3.92
wav/iwslt2024_bho-hi-1730-201961019229_39.wav	0	8.32
wav/iwslt2024_bho-hi-1730-201961019229_40.wav	0	4.88
wav/iwslt2024_bho-hi-1730-201961019229_41.wav	0	7.6
wav/iwslt2024_bho-hi-1730-201961019229_42.wav	0	10.08
wav/iwslt2024_bho-hi-1730-201961019229_43.wav	0	3.16
wav/iwslt2024_bho-hi-1730-201961118589_1.wav	0	10.6
wav/iwslt2024_bho-hi-1730-201961118589_2.wav	0	10.4
wav/iwslt2024_bho-hi-1730-201961118589_3.wav	0	5.8
wav/iwslt2024_bho-hi-1730-201961118589_4.wav	0	5
wav/iwslt2024_bho-hi-1730-201961118589_5.wav	0	10.12
wav/iwslt2024_bho-hi-1730-201961118589_6.wav	0	2.96
wav/iwslt2024_bho-hi-1730-201961118589_7.wav	0	5.8
wav/iwslt2024_bho-hi-1730-201961118589_8.wav	0	6.4
wav/iwslt2024_bho-hi-1730-201961118589_9.wav	0	5.72
wav/iwslt2024_bho-hi-1730-201961118589_10.wav	0	8.52
wav/iwslt2024_bho-hi-1730-201961118589_12.wav	0	6.84
wav/iwslt2024_bho-hi-1730-201961118589_13.wav	0	7.72
wav/iwslt2024_bho-hi-1730-201961118589_14.wav	0	8.44
wav/iwslt2024_bho-hi-1730-201961118589_15.wav	0	3.24
wav/iwslt2024_bho-hi-1730-201961118589_17.wav	0	2.64
wav/iwslt2024_bho-hi-1730-201961118589_18.wav	0	4.28
wav/iwslt2024_bho-hi-1730-201961118589_19.wav	0	5.52
wav/iwslt2024_bho-hi-1730-201961118589_20.wav	0	12.44
wav/iwslt2024_bho-hi-1730-201961118589_21.wav	0	7.08
wav/iwslt2024_bho-hi-1730-201961118589_22.wav	0	3.64
wav/iwslt2024_bho-hi-1730-201961118589_23.wav	0	2.84
wav/iwslt2024_bho-hi-1730-201961118589_24.wav	0	2.64
wav/iwslt2024_bho-hi-1730-201961118589_25.wav	0	1.92
wav/iwslt2024_bho-hi-1730-201961118589_26.wav	0	2.52
wav/iwslt2024_bho-hi-1730-201961118589_29.wav	0	4.04
wav/iwslt2024_bho-hi-1730-201961118589_30.wav	0	7.2
wav/iwslt2024_bho-hi-1730-201961118589_31.wav	0	4.92
wav/iwslt2024_bho-hi-1730-201961118589_32.wav	0	5.56
wav/iwslt2024_bho-hi-1730-201961118589_33.wav	0	12.52
wav/iwslt2024_bho-hi-1730-201961118589_34.wav	0	4
wav/iwslt2024_bho-hi-1730-201961118589_35.wav	0	5.56
wav/iwslt2024_bho-hi-1730-201961118589_36.wav	0	13.2
wav/iwslt2024_bho-hi-1730-201961118589_37.wav	0	3.88
wav/iwslt2024_bho-hi-1730-201961118589_38.wav	0	3.96
wav/iwslt2024_bho-hi-1730-201961192415_1.wav	0	4.04
wav/iwslt2024_bho-hi-1730-201961192415_2.wav	0	4.6
wav/iwslt2024_bho-hi-1730-201961192415_3.wav	0	6.2
wav/iwslt2024_bho-hi-1730-201961192415_4.wav	0	4.72
wav/iwslt2024_bho-hi-1730-201961192415_5.wav	0	9.6
wav/iwslt2024_bho-hi-1730-201961192415_6.wav	0	4.52
wav/iwslt2024_bho-hi-1730-201961192415_7.wav	0	4.76
wav/iwslt2024_bho-hi-1730-201961192415_8.wav	0	6.48
wav/iwslt2024_bho-hi-1730-201961192415_9.wav	0	6.88
wav/iwslt2024_bho-hi-1730-201961192415_10.wav	0	4.24
wav/iwslt2024_bho-hi-1730-201961192415_11.wav	0	8.92
wav/iwslt2024_bho-hi-1730-201961192415_12.wav	0	6.32
wav/iwslt2024_bho-hi-1730-201961192415_13.wav	0	11.52
wav/iwslt2024_bho-hi-1730-201961192415_14.wav	0	5.4
wav/iwslt2024_bho-hi-1730-201961192415_16.wav	0	8.84
wav/iwslt2024_bho-hi-1730-201961192415_17.wav	0	5.88
wav/iwslt2024_bho-hi-1730-201961192415_18.wav	0	14.24
wav/iwslt2024_bho-hi-1730-201961192415_19.wav	0	7.2
wav/iwslt2024_bho-hi-1730-201961192415_20.wav	0	5.36
wav/iwslt2024_bho-hi-1730-201961192415_21.wav	0	8.8
wav/iwslt2024_bho-hi-1730-201961192415_22.wav	0	10.24
wav/iwslt2024_bho-hi-1730-201961192415_23.wav	0	9.96
wav/iwslt2024_bho-hi-1730-201961192415_24.wav	0	14.76
wav/iwslt2024_bho-hi-1730-201961192415_26.wav	0	5.96
wav/iwslt2024_bho-hi-1730-201961192415_28.wav	0	11.72
wav/iwslt2024_bho-hi-1730-201961192415_29.wav	0	7.96
wav/iwslt2024_bho-hi-1730-201961192415_30.wav	0	5.64
wav/iwslt2024_bho-hi-1730-201961192415_31.wav	0	3.28
wav/iwslt2024_bho-hi-1730-201961192415_32.wav	0	3.52
wav/iwslt2024_bho-hi-1730-201961192415_33.wav	0	7.88
wav/iwslt2024_bho-hi-1730-201961192415_34.wav	0	6.36
wav/iwslt2024_bho-hi-1730-201961219915_1.wav	0	14.28
wav/iwslt2024_bho-hi-1730-201961219915_2.wav	0	9.32
wav/iwslt2024_bho-hi-1730-201961219915_3.wav	0	9.24
wav/iwslt2024_bho-hi-1730-201961219915_4.wav	0	5.16
wav/iwslt2024_bho-hi-1730-201961219915_5.wav	0	7.2
wav/iwslt2024_bho-hi-1730-201961219915_6.wav	0	3.96
wav/iwslt2024_bho-hi-1730-201961219915_7.wav	0	9.28
wav/iwslt2024_bho-hi-1730-201961219915_8.wav	0	4.56
wav/iwslt2024_bho-hi-1730-201961219915_11.wav	0	12.28
wav/iwslt2024_bho-hi-1730-201961219915_12.wav	0	11.6
wav/iwslt2024_bho-hi-1730-201961219915_13.wav	0	14.76
wav/iwslt2024_bho-hi-1730-201961219915_14.wav	0	5.04
wav/iwslt2024_bho-hi-1730-201961219915_15.wav	0	7.2
wav/iwslt2024_bho-hi-1730-201961219915_16.wav	0	11.92
wav/iwslt2024_bho-hi-1730-201961219915_17.wav	0	8.24
wav/iwslt2024_bho-hi-1730-201961219915_19.wav	0	3.28
wav/iwslt2024_bho-hi-1730-201961219915_20.wav	0	7.04
wav/iwslt2024_bho-hi-1730-201961219915_21.wav	0	5.36
wav/iwslt2024_bho-hi-1730-201961219915_22.wav	0	5.48
wav/iwslt2024_bho-hi-1730-201961219915_23.wav	0	13.36
wav/iwslt2024_bho-hi-1730-201961219915_24.wav	0	4.12
wav/iwslt2024_bho-hi-1730-201961219915_25.wav	0	4.88
wav/iwslt2024_bho-hi-1730-201961219915_26.wav	0	2.92
wav/iwslt2024_bho-hi-1730-201961219915_27.wav	0	6.24
wav/iwslt2024_bho-hi-1730-201961219915_28.wav	0	8.8
wav/iwslt2024_bho-hi-1730-201961219915_29.wav	0	9.08
wav/iwslt2024_bho-hi-1730-201961219915_32.wav	0	3.6
wav/iwslt2024_bho-hi-1730-201961219915_33.wav	0	9.16
wav/iwslt2024_bho-hi-1730-201961219915_34.wav	0	4.2
wav/iwslt2024_bho-hi-1730-201961219915_35.wav	0	10.92
wav/iwslt2024_bho-hi-1730-201961219915_36.wav	0	6.08
wav/iwslt2024_bho-hi-1730-201961319423_1.wav	0	4.96
wav/iwslt2024_bho-hi-1730-201961319423_2.wav	0	3.64
wav/iwslt2024_bho-hi-1730-201961319423_3.wav	0	6.88
wav/iwslt2024_bho-hi-1730-201961319423_4.wav	0	9.24
wav/iwslt2024_bho-hi-1730-201961319423_5.wav	0	14.44
wav/iwslt2024_bho-hi-1730-201961319423_6.wav	0	8.84
wav/iwslt2024_bho-hi-1730-201961319423_7.wav	0	5.36
wav/iwslt2024_bho-hi-1730-201961319423_8.wav	0	3.24
wav/iwslt2024_bho-hi-1730-201961319423_9.wav	0	7
wav/iwslt2024_bho-hi-1730-201961319423_10.wav	0	7.68
wav/iwslt2024_bho-hi-1730-201961319423_11.wav	0	6.24
wav/iwslt2024_bho-hi-1730-201961319423_13.wav	0	9.28
wav/iwslt2024_bho-hi-1730-201961319423_14.wav	0	5.56
wav/iwslt2024_bho-hi-1730-201961319423_15.wav	0	10.04
wav/iwslt2024_bho-hi-1730-201961319423_16.wav	0	6.56
wav/iwslt2024_bho-hi-1730-201961319423_17.wav	0	5.28
wav/iwslt2024_bho-hi-1730-201961319423_18.wav	0	3.32
wav/iwslt2024_bho-hi-1730-201961319423_20.wav	0	7.32
wav/iwslt2024_bho-hi-1730-201961319423_21.wav	0	8.76
wav/iwslt2024_bho-hi-1730-201961319423_22.wav	0	8.68
wav/iwslt2024_bho-hi-1730-201961319423_23.wav	0	5
wav/iwslt2024_bho-hi-1730-201961319423_24.wav	0	9.36
wav/iwslt2024_bho-hi-1730-201961319423_27.wav	0	10.56
wav/iwslt2024_bho-hi-1730-201961319423_28.wav	0	6.6
wav/iwslt2024_bho-hi-1730-201961319423_29.wav	0	1.96
wav/iwslt2024_bho-hi-1730-201961319423_30.wav	0	5.8
wav/iwslt2024_bho-hi-1730-201961319423_31.wav	0	10.16
wav/iwslt2024_bho-hi-1730-201961719922_1.wav	0	4.76
wav/iwslt2024_bho-hi-1730-201961719922_2.wav	0	2.72
wav/iwslt2024_bho-hi-1730-201961719922_3.wav	0	8.36
wav/iwslt2024_bho-hi-1730-201961719922_4.wav	0	4.36
wav/iwslt2024_bho-hi-1730-201961719922_5.wav	0	8.72
wav/iwslt2024_bho-hi-1730-201961719922_6.wav	0	3.8
wav/iwslt2024_bho-hi-1730-201961719922_7.wav	0	3.44
wav/iwslt2024_bho-hi-1730-201961719922_8.wav	0	5.2
wav/iwslt2024_bho-hi-1730-201961719922_9.wav	0	1.72
wav/iwslt2024_bho-hi-1730-201961719922_10.wav	0	2.4
wav/iwslt2024_bho-hi-1730-201961719922_11.wav	0	4.28
wav/iwslt2024_bho-hi-1730-201961719922_12.wav	0	2.28
wav/iwslt2024_bho-hi-1730-201961719922_13.wav	0	3.88
wav/iwslt2024_bho-hi-1730-201961719922_14.wav	0	10.64
wav/iwslt2024_bho-hi-1730-201961719922_15.wav	0	10.84
wav/iwslt2024_bho-hi-1730-201961719922_16.wav	0	4.56
wav/iwslt2024_bho-hi-1730-201961719922_17.wav	0	5.36
wav/iwslt2024_bho-hi-1730-201961719922_18.wav	0	8.56
wav/iwslt2024_bho-hi-1730-201961719922_19.wav	0	3.84
wav/iwslt2024_bho-hi-1730-201961719922_20.wav	0	7.44
wav/iwslt2024_bho-hi-1730-201961719922_21.wav	0	5.08
wav/iwslt2024_bho-hi-1730-201961719922_22.wav	0	5.32
wav/iwslt2024_bho-hi-1730-201961719922_23.wav	0	5.84
wav/iwslt2024_bho-hi-1730-201961719922_24.wav	0	12.68
wav/iwslt2024_bho-hi-1730-201961719922_25.wav	0	4.4
wav/iwslt2024_bho-hi-1730-201961719922_27.wav	0	6.24
wav/iwslt2024_bho-hi-1730-201961719922_28.wav	0	3.24
wav/iwslt2024_bho-hi-1730-201961719922_29.wav	0	10.12
wav/iwslt2024_bho-hi-1730-201961719922_30.wav	0	5.24
wav/iwslt2024_bho-hi-1730-201961719922_31.wav	0	5.88
wav/iwslt2024_bho-hi-1730-201961719922_32.wav	0	5.88
wav/iwslt2024_bho-hi-1730-201961719922_33.wav	0	6.72
wav/iwslt2024_bho-hi-1730-201961719922_34.wav	0	10.28
wav/iwslt2024_bho-hi-1730-201961719922_35.wav	0	8.28
wav/iwslt2024_bho-hi-1730-201961719922_36.wav	0	3.88
wav/iwslt2024_bho-hi-1730-201961719922_37.wav	0	4.88
wav/iwslt2024_bho-hi-1730-201961719922_38.wav	0	4.88
wav/iwslt2024_bho-hi-1730-201961719922_39.wav	0	7.2
wav/iwslt2024_bho-hi-1730-201961719922_40.wav	0	13.88
wav/iwslt2024_bho-hi-1730-201962119486_1.wav	0	6.08
wav/iwslt2024_bho-hi-1730-201962119486_3.wav	0	7.76
wav/iwslt2024_bho-hi-1730-201962119486_4.wav	0	7.16
wav/iwslt2024_bho-hi-1730-201962119486_5.wav	0	7.52
wav/iwslt2024_bho-hi-1730-201962119486_6.wav	0	11.4
wav/iwslt2024_bho-hi-1730-201962119486_7.wav	0	9.32
wav/iwslt2024_bho-hi-1730-201962119486_9.wav	0	10.24
wav/iwslt2024_bho-hi-1730-201962119486_10.wav	0	3.92
wav/iwslt2024_bho-hi-1730-201962119486_11.wav	0	6.16
wav/iwslt2024_bho-hi-1730-201962119486_12.wav	0	6.88
wav/iwslt2024_bho-hi-1730-201962119486_13.wav	0	6.08
wav/iwslt2024_bho-hi-1730-201962119486_14.wav	0	4.44
wav/iwslt2024_bho-hi-1730-201962119486_15.wav	0	6.52
wav/iwslt2024_bho-hi-1730-201962119486_16.wav	0	11.8
wav/iwslt2024_bho-hi-1730-201962119486_17.wav	0	6.36
wav/iwslt2024_bho-hi-1730-201962119486_18.wav	0	4.52
wav/iwslt2024_bho-hi-1730-201962119486_19.wav	0	8.2
wav/iwslt2024_bho-hi-1730-201962119486_20.wav	0	4.24
wav/iwslt2024_bho-hi-1730-201962119486_22.wav	0	11.6
wav/iwslt2024_bho-hi-1730-201962119486_23.wav	0	5.16
wav/iwslt2024_bho-hi-1730-201962119486_25.wav	0	8.24
wav/iwslt2024_bho-hi-1730-201962119486_26.wav	0	11.6
wav/iwslt2024_bho-hi-1730-201962119486_27.wav	0	11.24
wav/iwslt2024_bho-hi-1730-201962119486_28.wav	0	11.36
wav/iwslt2024_bho-hi-1730-201962119486_29.wav	0	8.36
wav/iwslt2024_bho-hi-1730-201962119486_30.wav	0	9.96
wav/iwslt2024_bho-hi-1730-201962119486_31.wav	0	7.56
wav/iwslt2024_bho-hi-1730-201962119486_32.wav	0	12.76
wav/iwslt2024_bho-hi-1730-201962193013_1.wav	0	6.32
wav/iwslt2024_bho-hi-1730-201962193013_3.wav	0	9.64
wav/iwslt2024_bho-hi-1730-201962193013_4.wav	0	3.92
wav/iwslt2024_bho-hi-1730-201962193013_5.wav	0	9.56
wav/iwslt2024_bho-hi-1730-201962193013_6.wav	0	12.88
wav/iwslt2024_bho-hi-1730-201962193013_7.wav	0	6.84
wav/iwslt2024_bho-hi-1730-201962193013_8.wav	0	5.76
wav/iwslt2024_bho-hi-1730-201962193013_9.wav	0	11.12
wav/iwslt2024_bho-hi-1730-201962193013_10.wav	0	11.8
wav/iwslt2024_bho-hi-1730-201962193013_11.wav	0	7.88
wav/iwslt2024_bho-hi-1730-201962193013_12.wav	0	9.76
wav/iwslt2024_bho-hi-1730-201962193013_13.wav	0	5.96
wav/iwslt2024_bho-hi-1730-201962193013_14.wav	0	8.52
wav/iwslt2024_bho-hi-1730-201962193013_15.wav	0	8.04
wav/iwslt2024_bho-hi-1730-201962193013_16.wav	0	5.88
wav/iwslt2024_bho-hi-1730-201962193013_17.wav	0	9.68
wav/iwslt2024_bho-hi-1730-201962193013_18.wav	0	7.4
wav/iwslt2024_bho-hi-1730-201962193013_19.wav	0	8.96
wav/iwslt2024_bho-hi-1730-201962193013_20.wav	0	10.88
wav/iwslt2024_bho-hi-1730-201962193013_22.wav	0	9.32
wav/iwslt2024_bho-hi-1730-201962193013_23.wav	0	8.2
wav/iwslt2024_bho-hi-1730-201962193013_24.wav	0	5.28
wav/iwslt2024_bho-hi-1730-201962193013_25.wav	0	7.44
wav/iwslt2024_bho-hi-1730-201962193013_27.wav	0	13.8
wav/iwslt2024_bho-hi-1730-201962193013_28.wav	0	6.36
wav/iwslt2024_bho-hi-1730-201962193013_29.wav	0	2.16
wav/iwslt2024_bho-hi-1730-201962193013_30.wav	0	12.84
wav/iwslt2024_bho-hi-1730-201962193013_31.wav	0	9.36
wav/iwslt2024_bho-hi-1730-201962319486_1.wav	0	9.48
wav/iwslt2024_bho-hi-1730-201962319486_2.wav	0	7.96
wav/iwslt2024_bho-hi-1730-201962319486_3.wav	0	10.08
wav/iwslt2024_bho-hi-1730-201962319486_4.wav	0	6.36
wav/iwslt2024_bho-hi-1730-201962319486_5.wav	0	7.88
wav/iwslt2024_bho-hi-1730-201962319486_6.wav	0	3.32
wav/iwslt2024_bho-hi-1730-201962319486_7.wav	0	11.84
wav/iwslt2024_bho-hi-1730-201962319486_8.wav	0	10.76
wav/iwslt2024_bho-hi-1730-201962319486_9.wav	0	3.76
wav/iwslt2024_bho-hi-1730-201962319486_10.wav	0	5.24
wav/iwslt2024_bho-hi-1730-201962319486_11.wav	0	11.68
wav/iwslt2024_bho-hi-1730-201962319486_14.wav	0	5.64
wav/iwslt2024_bho-hi-1730-201962319486_15.wav	0	9.72
wav/iwslt2024_bho-hi-1730-201962319486_16.wav	0	12.08
wav/iwslt2024_bho-hi-1730-201962319486_18.wav	0	8.8
wav/iwslt2024_bho-hi-1730-201962319486_19.wav	0	9.12
wav/iwslt2024_bho-hi-1730-201962319486_20.wav	0	10.96
wav/iwslt2024_bho-hi-1730-201962319486_29.wav	0	7.84
wav/iwslt2024_bho-hi-1730-201962719527_1.wav	0	7.08
wav/iwslt2024_bho-hi-1730-201962719527_2.wav	0	6.16
wav/iwslt2024_bho-hi-1730-201962719527_4.wav	0	3.4
wav/iwslt2024_bho-hi-1730-201962719527_6.wav	0	6.96
wav/iwslt2024_bho-hi-1730-201962719527_7.wav	0	7.44
wav/iwslt2024_bho-hi-1730-201962719527_9.wav	0	12.72
wav/iwslt2024_bho-hi-1730-201962719527_10.wav	0	3.44
wav/iwslt2024_bho-hi-1730-201962719527_11.wav	0	4.48
wav/iwslt2024_bho-hi-1730-201962719527_12.wav	0	5.56
wav/iwslt2024_bho-hi-1730-201962719527_13.wav	0	5.84
wav/iwslt2024_bho-hi-1730-201962719527_14.wav	0	5.88
wav/iwslt2024_bho-hi-1730-201962719527_15.wav	0	11.64
wav/iwslt2024_bho-hi-1730-201962719527_16.wav	0	5.2
wav/iwslt2024_bho-hi-1730-201962719527_17.wav	0	4.88
wav/iwslt2024_bho-hi-1730-201962719527_18.wav	0	5.68
wav/iwslt2024_bho-hi-1730-201962719527_27.wav	0	7.36
wav/iwslt2024_bho-hi-1730-201962719527_30.wav	0	11.2
wav/iwslt2024_bho-hi-1730-201962920013_1.wav	0	9.68
wav/iwslt2024_bho-hi-1730-201962920013_2.wav	0	10.92
wav/iwslt2024_bho-hi-1730-201962920013_3.wav	0	9.16
wav/iwslt2024_bho-hi-1730-201962920013_4.wav	0	9
wav/iwslt2024_bho-hi-1730-201962920013_5.wav	0	6.76
wav/iwslt2024_bho-hi-1730-201962920013_6.wav	0	2.68
wav/iwslt2024_bho-hi-1730-201962920013_7.wav	0	1.6
wav/iwslt2024_bho-hi-1730-201962920013_8.wav	0	7
wav/iwslt2024_bho-hi-1730-201962920013_9.wav	0	9.16
wav/iwslt2024_bho-hi-1730-201962920013_11.wav	0	8.96
wav/iwslt2024_bho-hi-1730-201962920013_12.wav	0	13.56
wav/iwslt2024_bho-hi-1730-201962920013_15.wav	0	9.92
wav/iwslt2024_bho-hi-1730-201962920013_16.wav	0	10.12
wav/iwslt2024_bho-hi-1730-201962920013_17.wav	0	14.32
wav/iwslt2024_bho-hi-1730-201962920013_18.wav	0	13.04
wav/iwslt2024_bho-hi-1730-201962920013_20.wav	0	13.44
wav/iwslt2024_bho-hi-1730-201962920013_21.wav	0	10.04
wav/iwslt2024_bho-hi-1730-201962920013_23.wav	0	13.44
wav/iwslt2024_bho-hi-1730-201962920013_24.wav	0	4.84
wav/iwslt2024_bho-hi-1730-201962920013_25.wav	0	5.8
wav/iwslt2024_bho-hi-1730-201962920013_26.wav	0	7.72
wav/iwslt2024_bho-hi-1730-201962920013_27.wav	0	5.96
wav/iwslt2024_bho-hi-1730-201963019488_1.wav	0	3.32
wav/iwslt2024_bho-hi-1730-201963019488_2.wav	0	7.08
wav/iwslt2024_bho-hi-1730-201963019488_3.wav	0	4.08
wav/iwslt2024_bho-hi-1730-201963019488_4.wav	0	8
wav/iwslt2024_bho-hi-1730-201963019488_7.wav	0	8.16
wav/iwslt2024_bho-hi-1730-201963019488_8.wav	0	7.2
wav/iwslt2024_bho-hi-1730-201963019488_9.wav	0	11.72
wav/iwslt2024_bho-hi-1730-201963019488_10.wav	0	13.16
wav/iwslt2024_bho-hi-1730-201963019488_12.wav	0	7
wav/iwslt2024_bho-hi-1730-201963019488_13.wav	0	10.04
wav/iwslt2024_bho-hi-1730-201963019488_14.wav	0	6.72
wav/iwslt2024_bho-hi-1730-201963019488_15.wav	0	6.56
wav/iwslt2024_bho-hi-1730-201963019488_16.wav	0	7.32
wav/iwslt2024_bho-hi-1730-201963019488_17.wav	0	10.04
wav/iwslt2024_bho-hi-1730-201963019488_18.wav	0	7.84
wav/iwslt2024_bho-hi-1730-201963019488_19.wav	0	5.96
wav/iwslt2024_bho-hi-1730-201963019488_20.wav	0	5.36
wav/iwslt2024_bho-hi-1730-201963019488_21.wav	0	4.68
wav/iwslt2024_bho-hi-1730-201963019488_22.wav	0	11.48
wav/iwslt2024_bho-hi-1730-201963019488_23.wav	0	11.32
wav/iwslt2024_bho-hi-1730-201963019488_24.wav	0	14
wav/iwslt2024_bho-hi-1730-201963019488_25.wav	0	6.08
wav/iwslt2024_bho-hi-1730-201963019488_26.wav	0	3.12
wav/iwslt2024_bho-hi-1730-201963019488_27.wav	0	6.04
wav/iwslt2024_bho-hi-1730-201963019488_28.wav	0	6.2
wav/iwslt2024_bho-hi-1730-201963019488_29.wav	0	6.16
wav/iwslt2024_bho-hi-1730-201963019488_30.wav	0	9.76
wav/iwslt2024_bho-hi-1730-201964192840_1.wav	0	5.68
wav/iwslt2024_bho-hi-1730-201964192840_2.wav	0	6.88
wav/iwslt2024_bho-hi-1730-201964192840_3.wav	0	7.92
wav/iwslt2024_bho-hi-1730-201964192840_4.wav	0	7.36
wav/iwslt2024_bho-hi-1730-201964192840_5.wav	0	7.28
wav/iwslt2024_bho-hi-1730-201964192840_6.wav	0	4.08
wav/iwslt2024_bho-hi-1730-201964192840_9.wav	0	11.36
wav/iwslt2024_bho-hi-1730-201964192840_10.wav	0	9.44
wav/iwslt2024_bho-hi-1730-201964192840_11.wav	0	4.8
wav/iwslt2024_bho-hi-1730-201964192840_12.wav	0	11.2
wav/iwslt2024_bho-hi-1730-201964192840_14.wav	0	12.92
wav/iwslt2024_bho-hi-1730-201964192840_15.wav	0	11.92
wav/iwslt2024_bho-hi-1730-201964192840_17.wav	0	8.6
wav/iwslt2024_bho-hi-1730-201964192840_18.wav	0	6.52
wav/iwslt2024_bho-hi-1730-201964192840_19.wav	0	13.56
wav/iwslt2024_bho-hi-1730-201964192840_20.wav	0	4.8
wav/iwslt2024_bho-hi-1730-201964192840_21.wav	0	9.76
wav/iwslt2024_bho-hi-1730-201964192840_22.wav	0	8.88
wav/iwslt2024_bho-hi-1730-201964192840_23.wav	0	7.76
wav/iwslt2024_bho-hi-1730-201964192840_24.wav	0	6.68
wav/iwslt2024_bho-hi-1730-201964192840_25.wav	0	11.56
wav/iwslt2024_bho-hi-1730-201964192840_26.wav	0	4.72
wav/iwslt2024_bho-hi-1730-201964192840_27.wav	0	6.08
wav/iwslt2024_bho-hi-1730-201964192840_28.wav	0	8.12
wav/iwslt2024_bho-hi-1730-201964192840_29.wav	0	5.88
wav/iwslt2024_bho-hi-1730-201964192840_30.wav	0	7.08
wav/iwslt2024_bho-hi-1730-201964192840_31.wav	0	8.36
wav/iwslt2024_bho-hi-1730-201965183912_1.wav	0	4.84
wav/iwslt2024_bho-hi-1730-201965183912_2.wav	0	14.88
wav/iwslt2024_bho-hi-1730-201965183912_3.wav	0	9.04
wav/iwslt2024_bho-hi-1730-201965183912_4.wav	0	4.56
wav/iwslt2024_bho-hi-1730-201965183912_5.wav	0	7.76
wav/iwslt2024_bho-hi-1730-201965183912_7.wav	0	6.12
wav/iwslt2024_bho-hi-1730-201965183912_8.wav	0	7.12
wav/iwslt2024_bho-hi-1730-201965183912_9.wav	0	4.48
wav/iwslt2024_bho-hi-1730-201965183912_10.wav	0	4.72
wav/iwslt2024_bho-hi-1730-201965183912_11.wav	0	10.68
wav/iwslt2024_bho-hi-1730-201965183912_12.wav	0	6.92
wav/iwslt2024_bho-hi-1730-201965183912_13.wav	0	8.52
wav/iwslt2024_bho-hi-1730-201965183912_14.wav	0	9.76
wav/iwslt2024_bho-hi-1730-201965183912_15.wav	0	5.52
wav/iwslt2024_bho-hi-1730-201965183912_16.wav	0	8.6
wav/iwslt2024_bho-hi-1730-201965183912_17.wav	0	7.36
wav/iwslt2024_bho-hi-1730-201965183912_18.wav	0	5.12
wav/iwslt2024_bho-hi-1730-201965183912_19.wav	0	5.68
wav/iwslt2024_bho-hi-1730-201965183912_20.wav	0	8.4
wav/iwslt2024_bho-hi-1730-201965183912_21.wav	0	8.88
wav/iwslt2024_bho-hi-1730-201965183912_22.wav	0	7.36
wav/iwslt2024_bho-hi-1730-201965183912_25.wav	0	4.28
wav/iwslt2024_bho-hi-1730-201965183912_26.wav	0	3.72
wav/iwslt2024_bho-hi-1730-201965183912_27.wav	0	3.96
wav/iwslt2024_bho-hi-1730-201965183912_29.wav	0	11.2
wav/iwslt2024_bho-hi-1730-201965183912_32.wav	0	4.48
wav/iwslt2024_bho-hi-1730-201965183912_33.wav	0	6.4
wav/iwslt2024_bho-hi-1730-201965183912_34.wav	0	2.72
wav/iwslt2024_bho-hi-1730-201965183912_35.wav	0	5.72
wav/iwslt2024_bho-hi-1730-201965183912_36.wav	0	4.72
wav/iwslt2024_bho-hi-1730-201965183912_37.wav	0	5.12
wav/iwslt2024_bho-hi-1730-201965183912_38.wav	0	7.08
wav/iwslt2024_bho-hi-1730-201965183912_39.wav	0	8.6
wav/iwslt2024_bho-hi-1730-201965183912_40.wav	0	4.24
wav/iwslt2024_bho-hi-1730-201965183912_41.wav	0	6.12
wav/iwslt2024_bho-hi-1730-201965183912_42.wav	0	10
wav/iwslt2024_bho-hi-1730-201966183227_1.wav	0	13.16
wav/iwslt2024_bho-hi-1730-201966183227_2.wav	0	14.96
wav/iwslt2024_bho-hi-1730-201966183227_3.wav	0	4.96
wav/iwslt2024_bho-hi-1730-201966183227_4.wav	0	14.76
wav/iwslt2024_bho-hi-1730-201966183227_5.wav	0	11
wav/iwslt2024_bho-hi-1730-201966183227_7.wav	0	9
wav/iwslt2024_bho-hi-1730-201966183227_8.wav	0	9.8
wav/iwslt2024_bho-hi-1730-201966183227_9.wav	0	8.84
wav/iwslt2024_bho-hi-1730-201966183227_10.wav	0	10.88
wav/iwslt2024_bho-hi-1730-201966183227_11.wav	0	12.28
wav/iwslt2024_bho-hi-1730-201966183227_12.wav	0	3.88
wav/iwslt2024_bho-hi-1730-201966183227_14.wav	0	8.68
wav/iwslt2024_bho-hi-1730-201966183227_15.wav	0	7.88
wav/iwslt2024_bho-hi-1730-201966183227_16.wav	0	6.32
wav/iwslt2024_bho-hi-1730-201966183227_17.wav	0	7.04
wav/iwslt2024_bho-hi-1730-201966183227_18.wav	0	8.2
wav/iwslt2024_bho-hi-1730-201966183227_19.wav	0	4.76
wav/iwslt2024_bho-hi-1730-201966183227_20.wav	0	4.44
wav/iwslt2024_bho-hi-1730-201966183227_21.wav	0	8.16
wav/iwslt2024_bho-hi-1730-201966183227_22.wav	0	7.32
wav/iwslt2024_bho-hi-1730-201966183227_23.wav	0	12.68
wav/iwslt2024_bho-hi-1730-201966183227_25.wav	0	8.2
wav/iwslt2024_bho-hi-1730-201966183227_26.wav	0	12.6
wav/iwslt2024_bho-hi-1730-201966183227_27.wav	0	6.96
wav/iwslt2024_bho-hi-1730-201966183227_28.wav	0	3.84
wav/iwslt2024_bho-hi-1730-201966183227_29.wav	0	5.72
wav/iwslt2024_bho-hi-1730-201966183227_30.wav	0	5.28
wav/iwslt2024_bho-hi-1730-201966183227_31.wav	0	11.08
wav/iwslt2024_bho-hi-1730-201967193453_1.wav	0	10.92
wav/iwslt2024_bho-hi-1730-201967193453_2.wav	0	12.48
wav/iwslt2024_bho-hi-1730-201967193453_3.wav	0	7.6
wav/iwslt2024_bho-hi-1730-201967193453_5.wav	0	12.04
wav/iwslt2024_bho-hi-1730-201967193453_6.wav	0	8.52
wav/iwslt2024_bho-hi-1730-201967193453_7.wav	0	5
wav/iwslt2024_bho-hi-1730-201967193453_8.wav	0	4.76
wav/iwslt2024_bho-hi-1730-201967193453_9.wav	0	10.48
wav/iwslt2024_bho-hi-1730-201967193453_10.wav	0	7
wav/iwslt2024_bho-hi-1730-201967193453_11.wav	0	7.56
wav/iwslt2024_bho-hi-1730-201967193453_12.wav	0	6.08
wav/iwslt2024_bho-hi-1730-201967193453_13.wav	0	5.2
wav/iwslt2024_bho-hi-1730-201967193453_14.wav	0	9.04
wav/iwslt2024_bho-hi-1730-201967193453_15.wav	0	11.4
wav/iwslt2024_bho-hi-1730-201967193453_17.wav	0	14.72
wav/iwslt2024_bho-hi-1730-201967193453_18.wav	0	8.72
wav/iwslt2024_bho-hi-1730-201967193453_19.wav	0	12
wav/iwslt2024_bho-hi-1730-201967193453_21.wav	0	6.44
wav/iwslt2024_bho-hi-1730-201967193453_22.wav	0	9.56
wav/iwslt2024_bho-hi-1730-201967193453_23.wav	0	5.44
wav/iwslt2024_bho-hi-1730-201967193453_24.wav	0	8.32
wav/iwslt2024_bho-hi-1730-201967193453_25.wav	0	7.28
wav/iwslt2024_bho-hi-1730-201967193453_26.wav	0	4.28
wav/iwslt2024_bho-hi-1730-201967193453_27.wav	0	13.28
wav/iwslt2024_bho-hi-1730-201967193453_28.wav	0	6.08
wav/iwslt2024_bho-hi-1730-201967193453_29.wav	0	10.72
wav/iwslt2024_bho-hi-1730-201968193940_3.wav	0	3.36
wav/iwslt2024_bho-hi-1730-201968193940_6.wav	0	7.84
wav/iwslt2024_bho-hi-1730-201968193940_7.wav	0	3.44
wav/iwslt2024_bho-hi-1730-201968193940_8.wav	0	6
wav/iwslt2024_bho-hi-1730-201968193940_9.wav	0	5.6
wav/iwslt2024_bho-hi-1730-201968193940_10.wav	0	10.04
wav/iwslt2024_bho-hi-1730-201968193940_11.wav	0	7.6
wav/iwslt2024_bho-hi-1730-201968193940_12.wav	0	6.6
wav/iwslt2024_bho-hi-1730-201968193940_13.wav	0	5.24
wav/iwslt2024_bho-hi-1730-201968193940_14.wav	0	8.24
wav/iwslt2024_bho-hi-1730-201968193940_15.wav	0	9.84
wav/iwslt2024_bho-hi-1730-201968193940_16.wav	0	14.12
wav/iwslt2024_bho-hi-1730-201968193940_17.wav	0	4.4
wav/iwslt2024_bho-hi-1730-201968193940_18.wav	0	7.16
wav/iwslt2024_bho-hi-1730-201968193940_19.wav	0	5.68
wav/iwslt2024_bho-hi-1730-201968193940_20.wav	0	5.68
wav/iwslt2024_bho-hi-1730-201968193940_21.wav	0	4.84
wav/iwslt2024_bho-hi-1730-201968193940_22.wav	0	9.88
wav/iwslt2024_bho-hi-1730-201968193940_23.wav	0	9.32
wav/iwslt2024_bho-hi-1730-201968193940_24.wav	0	6.8
wav/iwslt2024_bho-hi-1730-201968193940_25.wav	0	4.76
wav/iwslt2024_bho-hi-1730-201968193940_26.wav	0	14.96
wav/iwslt2024_bho-hi-1730-201968193940_27.wav	0	2.68
wav/iwslt2024_bho-hi-1730-201968193940_28.wav	0	8.12
wav/iwslt2024_bho-hi-1730-201968193940_29.wav	0	9.32
wav/iwslt2024_bho-hi-1730-201968193940_30.wav	0	6
wav/iwslt2024_bho-hi-1730-201968193940_31.wav	0	8.76
wav/iwslt2024_bho-hi-1730-201968193940_32.wav	0	4.32
wav/iwslt2024_bho-hi-1730-201968193940_33.wav	0	3.36
wav/iwslt2024_bho-hi-1730-201968193940_34.wav	0	14
wav/iwslt2024_bho-hi-1730-201968193940_35.wav	0	8.88
wav/iwslt2024_bho-hi-1730-201969185050_1.wav	0	13.6
wav/iwslt2024_bho-hi-1730-201969185050_2.wav	0	5.16
wav/iwslt2024_bho-hi-1730-201969185050_3.wav	0	5.64
wav/iwslt2024_bho-hi-1730-201969185050_4.wav	0	5.68
wav/iwslt2024_bho-hi-1730-201969185050_5.wav	0	4.2
wav/iwslt2024_bho-hi-1730-201969185050_6.wav	0	10.32
wav/iwslt2024_bho-hi-1730-201969185050_8.wav	0	3.36
wav/iwslt2024_bho-hi-1730-201969185050_9.wav	0	10.16
wav/iwslt2024_bho-hi-1730-201969185050_10.wav	0	12.24
wav/iwslt2024_bho-hi-1730-201969185050_11.wav	0	8.52
wav/iwslt2024_bho-hi-1730-201969185050_12.wav	0	10.64
wav/iwslt2024_bho-hi-1730-201969185050_13.wav	0	10.4
wav/iwslt2024_bho-hi-1730-201969185050_14.wav	0	4
wav/iwslt2024_bho-hi-1730-201969185050_15.wav	0	6.64
wav/iwslt2024_bho-hi-1730-201969185050_16.wav	0	6.52
wav/iwslt2024_bho-hi-1730-201969185050_17.wav	0	6.64
wav/iwslt2024_bho-hi-1730-201969185050_19.wav	0	6.68
wav/iwslt2024_bho-hi-1730-201969185050_20.wav	0	11.68
wav/iwslt2024_bho-hi-1730-201969185050_21.wav	0	7.44
wav/iwslt2024_bho-hi-1730-201969185050_22.wav	0	11.52
wav/iwslt2024_bho-hi-1730-201969185050_23.wav	0	9.08
wav/iwslt2024_bho-hi-1730-201969185050_24.wav	0	6.68
wav/iwslt2024_bho-hi-1730-201969185050_25.wav	0	9.72
wav/iwslt2024_bho-hi-1730-201969185050_26.wav	0	1.56
wav/iwslt2024_bho-hi-1730-201969185050_28.wav	0	5.92
wav/iwslt2024_bho-hi-1730-201969185050_29.wav	0	2.48
wav/iwslt2024_bho-hi-1730-201969185050_30.wav	0	9.48
wav/iwslt2024_bho-hi-1730-201969185050_32.wav	0	3.68
wav/iwslt2024_bho-hi-1730-201971192522_1.wav	0	5.28
wav/iwslt2024_bho-hi-1730-201971192522_2.wav	0	13.48
wav/iwslt2024_bho-hi-1730-201971192522_3.wav	0	13.96
wav/iwslt2024_bho-hi-1730-201971192522_4.wav	0	8.6
wav/iwslt2024_bho-hi-1730-201971192522_5.wav	0	4.32
wav/iwslt2024_bho-hi-1730-201971192522_6.wav	0	4.96
wav/iwslt2024_bho-hi-1730-201971192522_7.wav	0	7.08
wav/iwslt2024_bho-hi-1730-201971192522_10.wav	0	3.56
wav/iwslt2024_bho-hi-1730-201971192522_11.wav	0	6.88
wav/iwslt2024_bho-hi-1730-201971192522_12.wav	0	6.8
wav/iwslt2024_bho-hi-1730-201971192522_13.wav	0	4.32
wav/iwslt2024_bho-hi-1730-201971192522_14.wav	0	8
wav/iwslt2024_bho-hi-1730-201971192522_15.wav	0	7.6
wav/iwslt2024_bho-hi-1730-201971192522_16.wav	0	11.2
wav/iwslt2024_bho-hi-1730-201971192522_17.wav	0	10.2
wav/iwslt2024_bho-hi-1730-201971192522_18.wav	0	11.16
wav/iwslt2024_bho-hi-1730-201971192522_20.wav	0	5.88
wav/iwslt2024_bho-hi-1730-201971192522_21.wav	0	12.72
wav/iwslt2024_bho-hi-1730-201971192522_22.wav	0	7.8
wav/iwslt2024_bho-hi-1730-201971192522_23.wav	0	11.48
wav/iwslt2024_bho-hi-1730-201971192522_24.wav	0	5.8
wav/iwslt2024_bho-hi-1730-201971192522_25.wav	0	13
wav/iwslt2024_bho-hi-1730-201971192522_26.wav	0	3.44
wav/iwslt2024_bho-hi-1730-201971192522_27.wav	0	4.6
wav/iwslt2024_bho-hi-1730-201971192522_28.wav	0	5.92
wav/iwslt2024_bho-hi-1730-201971192522_29.wav	0	13.56
wav/iwslt2024_bho-hi-1730-201971192522_30.wav	0	8.36
wav/iwslt2024_bho-hi-1730-201971192522_31.wav	0	7.96
wav/iwslt2024_bho-hi-1730-201971519451_1.wav	0	4.56
wav/iwslt2024_bho-hi-1730-201971519451_2.wav	0	13
wav/iwslt2024_bho-hi-1730-201971519451_3.wav	0	5.44
wav/iwslt2024_bho-hi-1730-201971519451_4.wav	0	6.32
wav/iwslt2024_bho-hi-1730-201971519451_5.wav	0	7.52
wav/iwslt2024_bho-hi-1730-201971519451_6.wav	0	5.88
wav/iwslt2024_bho-hi-1730-201971519451_7.wav	0	13.48
wav/iwslt2024_bho-hi-1730-201971519451_8.wav	0	6.28
wav/iwslt2024_bho-hi-1730-201971519451_9.wav	0	7.12
wav/iwslt2024_bho-hi-1730-201971519451_11.wav	0	6.2
wav/iwslt2024_bho-hi-1730-201971519451_13.wav	0	13
wav/iwslt2024_bho-hi-1730-201971519451_14.wav	0	14.92
wav/iwslt2024_bho-hi-1730-201971519451_15.wav	0	9.36
wav/iwslt2024_bho-hi-1730-201971519451_16.wav	0	7.28
wav/iwslt2024_bho-hi-1730-201971519451_18.wav	0	10.88
wav/iwslt2024_bho-hi-1730-201971519451_19.wav	0	4.64
wav/iwslt2024_bho-hi-1730-201971519451_20.wav	0	3.92
wav/iwslt2024_bho-hi-1730-201971519451_21.wav	0	5.44
wav/iwslt2024_bho-hi-1730-201971519451_22.wav	0	8.32
wav/iwslt2024_bho-hi-1730-201971519451_23.wav	0	9.08
wav/iwslt2024_bho-hi-1730-201971519451_24.wav	0	4.12
wav/iwslt2024_bho-hi-1730-201971519451_25.wav	0	4.44
wav/iwslt2024_bho-hi-1730-201971519451_26.wav	0	7.96
wav/iwslt2024_bho-hi-1730-201971519451_27.wav	0	4.04
wav/iwslt2024_bho-hi-1730-201971519451_29.wav	0	5.24
wav/iwslt2024_bho-hi-1730-201971519451_30.wav	0	9.56
wav/iwslt2024_bho-hi-1730-201971519451_31.wav	0	11.16
wav/iwslt2024_bho-hi-1730-201971519451_32.wav	0	2.52
wav/iwslt2024_bho-hi-1730-201971519451_33.wav	0	12.4
wav/iwslt2024_bho-hi-1730-201971519451_34.wav	0	9.84
wav/iwslt2024_bho-hi-1730-201971519451_35.wav	0	2.84
wav/iwslt2024_bho-hi-1730-201971719841_1.wav	0	4.56
wav/iwslt2024_bho-hi-1730-201971719841_2.wav	0	9.96
wav/iwslt2024_bho-hi-1730-201971719841_5.wav	0	11.44
wav/iwslt2024_bho-hi-1730-201971719841_6.wav	0	10.12
wav/iwslt2024_bho-hi-1730-201971719841_7.wav	0	13.36
wav/iwslt2024_bho-hi-1730-201971719841_8.wav	0	6.6
wav/iwslt2024_bho-hi-1730-201971719841_9.wav	0	8.28
wav/iwslt2024_bho-hi-1730-201971719841_10.wav	0	6.28
wav/iwslt2024_bho-hi-1730-201971719841_11.wav	0	7.04
wav/iwslt2024_bho-hi-1730-201971719841_12.wav	0	12.16
wav/iwslt2024_bho-hi-1730-201971719841_13.wav	0	6.88
wav/iwslt2024_bho-hi-1730-201971719841_14.wav	0	10.96
wav/iwslt2024_bho-hi-1730-201971719841_15.wav	0	7.24
wav/iwslt2024_bho-hi-1730-201971719841_16.wav	0	10.32
wav/iwslt2024_bho-hi-1730-201971719841_17.wav	0	7.32
wav/iwslt2024_bho-hi-1730-201971719841_18.wav	0	6.6
wav/iwslt2024_bho-hi-1730-201971719841_19.wav	0	8.64
wav/iwslt2024_bho-hi-1730-201971719841_20.wav	0	12.12
wav/iwslt2024_bho-hi-1730-201971719841_21.wav	0	2.96
wav/iwslt2024_bho-hi-1730-201971719841_22.wav	0	8.44
wav/iwslt2024_bho-hi-1730-201971719841_23.wav	0	6.16
wav/iwslt2024_bho-hi-1730-201971719841_24.wav	0	11.6
wav/iwslt2024_bho-hi-1730-201971719841_25.wav	0	7.48
wav/iwslt2024_bho-hi-1730-201971719841_26.wav	0	4.56
wav/iwslt2024_bho-hi-1730-201971719841_27.wav	0	11.8
wav/iwslt2024_bho-hi-1730-201971719841_28.wav	0	5.12
wav/iwslt2024_bho-hi-1730-201971719841_29.wav	0	7.52
wav/iwslt2024_bho-hi-1730-201971719841_30.wav	0	13.6
wav/iwslt2024_bho-hi-1730-2018111819129_1.wav	0	11.36
wav/iwslt2024_bho-hi-1730-2018111819129_3.wav	0	2.76
wav/iwslt2024_bho-hi-1730-2018111819129_4.wav	0	3.36
wav/iwslt2024_bho-hi-1730-2018111819129_5.wav	0	2.52
wav/iwslt2024_bho-hi-1730-2018111819129_6.wav	0	1.88
wav/iwslt2024_bho-hi-1730-2018111819129_7.wav	0	4.52
wav/iwslt2024_bho-hi-1730-2018111819129_8.wav	0	3.76
wav/iwslt2024_bho-hi-1730-2018111819129_9.wav	0	10.88
wav/iwslt2024_bho-hi-1730-2018111819129_10.wav	0	8.24
wav/iwslt2024_bho-hi-1730-2018111819129_11.wav	0	8.96
wav/iwslt2024_bho-hi-1730-2018111819129_12.wav	0	8.92
wav/iwslt2024_bho-hi-1730-2018111819129_13.wav	0	3.44
wav/iwslt2024_bho-hi-1730-2018111819129_14.wav	0	10.4
wav/iwslt2024_bho-hi-1730-2018111819129_15.wav	0	9.68
wav/iwslt2024_bho-hi-1730-2018111819129_16.wav	0	4.8
wav/iwslt2024_bho-hi-1730-2018111819129_17.wav	0	7.44
wav/iwslt2024_bho-hi-1730-2018111819129_18.wav	0	3.4
wav/iwslt2024_bho-hi-1730-2018111819129_19.wav	0	6.12
wav/iwslt2024_bho-hi-1730-2018111819129_23.wav	0	7.64
wav/iwslt2024_bho-hi-1730-2018111819129_26.wav	0	13.08
wav/iwslt2024_bho-hi-1730-2018111819129_27.wav	0	8.04
wav/iwslt2024_bho-hi-1730-2018111819129_28.wav	0	11.44
wav/iwslt2024_bho-hi-1730-2018111819129_29.wav	0	3.68
wav/iwslt2024_bho-hi-1730-2018111819129_30.wav	0	4.32
wav/iwslt2024_bho-hi-1730-2018111819129_32.wav	0	7.52
wav/iwslt2024_bho-hi-1730-2018111819129_33.wav	0	5.36
wav/iwslt2024_bho-hi-1730-2018112319229_3.wav	0	4.2
wav/iwslt2024_bho-hi-1730-2018112319229_4.wav	0	14.88
wav/iwslt2024_bho-hi-1730-2018112319229_8.wav	0	1.84
wav/iwslt2024_bho-hi-1730-2018112319229_17.wav	0	2.52
wav/iwslt2024_bho-hi-1730-2018112319229_18.wav	0	4.8
wav/iwslt2024_bho-hi-1730-2018112319229_20.wav	0	2.24
wav/iwslt2024_bho-hi-1730-2018112319229_31.wav	0	1.88
wav/iwslt2024_bho-hi-1730-2018112319229_32.wav	0	2.48
wav/iwslt2024_bho-hi-1730-2018112319229_33.wav	0	4.32
wav/iwslt2024_bho-hi-1730-2018112319229_35.wav	0	1.84
wav/iwslt2024_bho-hi-1730-2018112319229_36.wav	0	3.8
wav/iwslt2024_bho-hi-1730-2018112319229_48.wav	0	4.56
wav/iwslt2024_bho-hi-1730-2018112319229_49.wav	0	2.84
wav/iwslt2024_bho-hi-1730-2018112319229_52.wav	0	3
wav/iwslt2024_bho-hi-1730-2018112319229_58.wav	0	2.36
wav/iwslt2024_bho-hi-1730-2018112319229_60.wav	0	2.28
wav/iwslt2024_bho-hi-1730-2018112319229_64.wav	0	3.2
wav/iwslt2024_bho-hi-1730-2018112319229_76.wav	0	4.04
wav/iwslt2024_bho-hi-1730-2018112319229_79.wav	0	2.92
wav/iwslt2024_bho-hi-1730-2018112319229_84.wav	0	2.56
wav/iwslt2024_bho-hi-1730-2018112319229_92.wav	0	2.96
wav/iwslt2024_bho-hi-1730-2018112319229_95.wav	0	2.12
wav/iwslt2024_bho-hi-1730-2018112319229_96.wav	0	2.28
wav/iwslt2024_bho-hi-1730-2018112319229_97.wav	0	2.4
wav/iwslt2024_bho-hi-1730-2018112319229_98.wav	0	3
wav/iwslt2024_bho-hi-1730-2018112319229_99.wav	0	1.68
wav/iwslt2024_bho-hi-1730-2018112319229_100.wav	0	3.64
wav/iwslt2024_bho-hi-1730-2018112319229_108.wav	0	2.08
wav/iwslt2024_bho-hi-1730-2018112319229_109.wav	0	2.08
wav/iwslt2024_bho-hi-1730-2018112319229_112.wav	0	2.28
wav/iwslt2024_bho-hi-1730-2018112319229_117.wav	0	1.8
wav/iwslt2024_bho-hi-1730-2018112319229_118.wav	0	2.16
wav/iwslt2024_bho-hi-1730-2018112319229_120.wav	0	2.44
wav/iwslt2024_bho-hi-1730-2018112319229_121.wav	0	2.04
wav/iwslt2024_bho-hi-1730-2018112319229_123.wav	0	2.24
wav/iwslt2024_bho-hi-1730-2018112319229_131.wav	0	1.6
wav/iwslt2024_bho-hi-1730-2018112319229_133.wav	0	3.2
wav/iwslt2024_bho-hi-1730-2018112319229_145.wav	0	1.88
wav/iwslt2024_bho-hi-1730-2018112319229_157.wav	0	1.68
wav/iwslt2024_bho-hi-1730-2018112319229_163.wav	0	2.16
wav/iwslt2024_bho-hi-1730-2018112319229_165.wav	0	3.12
wav/iwslt2024_bho-hi-1730-2018112319229_166.wav	0	3.32
wav/iwslt2024_bho-hi-1730-2018112319229_168.wav	0	14.4
wav/iwslt2024_bho-hi-1730-2018113194323_1.wav	0	11.28
wav/iwslt2024_bho-hi-1730-2018113194323_2.wav	0	8.52
wav/iwslt2024_bho-hi-1730-2018113194323_3.wav	0	5.24
wav/iwslt2024_bho-hi-1730-2018113194323_4.wav	0	6.36
wav/iwslt2024_bho-hi-1730-2018113194323_5.wav	0	9.4
wav/iwslt2024_bho-hi-1730-2018113194323_6.wav	0	14.48
wav/iwslt2024_bho-hi-1730-2018113194323_7.wav	0	12.56
wav/iwslt2024_bho-hi-1730-2018113194323_8.wav	0	5.56
wav/iwslt2024_bho-hi-1730-2018113194323_9.wav	0	2.16
wav/iwslt2024_bho-hi-1730-2018113194323_10.wav	0	6.48
wav/iwslt2024_bho-hi-1730-2018113194323_11.wav	0	5.32
wav/iwslt2024_bho-hi-1730-2018113194323_12.wav	0	11.92
wav/iwslt2024_bho-hi-1730-2018113194323_14.wav	0	9.76
wav/iwslt2024_bho-hi-1730-2018113194323_15.wav	0	5.08
wav/iwslt2024_bho-hi-1730-2018113194323_16.wav	0	7.2
wav/iwslt2024_bho-hi-1730-2018113194323_17.wav	0	14.52
wav/iwslt2024_bho-hi-1730-2018113194323_18.wav	0	2.88
wav/iwslt2024_bho-hi-1730-2018113194323_19.wav	0	14.4
wav/iwslt2024_bho-hi-1730-2018113194323_20.wav	0	13.56
wav/iwslt2024_bho-hi-1730-2018113194323_21.wav	0	6.84
wav/iwslt2024_bho-hi-1730-2018113194323_23.wav	0	10.76
wav/iwslt2024_bho-hi-1730-2018113194323_24.wav	0	14.28
wav/iwslt2024_bho-hi-1730-2018113194323_25.wav	0	5.8
wav/iwslt2024_bho-hi-1730-2018113194323_26.wav	0	4.48
wav/iwslt2024_bho-hi-1730-2018113194323_27.wav	0	5.36
wav/iwslt2024_bho-hi-1730-2018113194323_28.wav	0	6.88
wav/iwslt2024_bho-hi-1730-2018113194323_29.wav	0	6.96
wav/iwslt2024_bho-hi-1730-2018114192817_1.wav	0	8.56
wav/iwslt2024_bho-hi-1730-2018114192817_2.wav	0	3.84
wav/iwslt2024_bho-hi-1730-2018114192817_3.wav	0	11.24
wav/iwslt2024_bho-hi-1730-2018114192817_4.wav	0	9.16
wav/iwslt2024_bho-hi-1730-2018114192817_5.wav	0	6.68
wav/iwslt2024_bho-hi-1730-2018114192817_7.wav	0	4.48
wav/iwslt2024_bho-hi-1730-2018114192817_8.wav	0	3.96
wav/iwslt2024_bho-hi-1730-2018114192817_9.wav	0	5.96
wav/iwslt2024_bho-hi-1730-2018114192817_10.wav	0	10.96
wav/iwslt2024_bho-hi-1730-2018114192817_12.wav	0	11
wav/iwslt2024_bho-hi-1730-2018114192817_13.wav	0	12.08
wav/iwslt2024_bho-hi-1730-2018114192817_14.wav	0	7.8
wav/iwslt2024_bho-hi-1730-2018114192817_15.wav	0	9.28
wav/iwslt2024_bho-hi-1730-2018114192817_16.wav	0	2.32
wav/iwslt2024_bho-hi-1730-2018114192817_17.wav	0	5.24
wav/iwslt2024_bho-hi-1730-2018114192817_18.wav	0	7.44
wav/iwslt2024_bho-hi-1730-2018114192817_19.wav	0	7.72
wav/iwslt2024_bho-hi-1730-2018114192817_20.wav	0	4.2
wav/iwslt2024_bho-hi-1730-2018114192817_21.wav	0	4.28
wav/iwslt2024_bho-hi-1730-2018114192817_22.wav	0	9.24
wav/iwslt2024_bho-hi-1730-2018114192817_24.wav	0	3.08
wav/iwslt2024_bho-hi-1730-2018114192817_29.wav	0	3.76
wav/iwslt2024_bho-hi-1730-2018114192817_31.wav	0	4.2
wav/iwslt2024_bho-hi-1730-2018114192817_38.wav	0	9.24
wav/iwslt2024_bho-hi-1730-2018115191936_1.wav	0	14.48
wav/iwslt2024_bho-hi-1730-2018115191936_2.wav	0	3.72
wav/iwslt2024_bho-hi-1730-2018115191936_3.wav	0	10.76
wav/iwslt2024_bho-hi-1730-2018115191936_4.wav	0	5.12
wav/iwslt2024_bho-hi-1730-2018115191936_5.wav	0	5.08
wav/iwslt2024_bho-hi-1730-2018115191936_10.wav	0	6.6
wav/iwslt2024_bho-hi-1730-2018115191936_11.wav	0	9.48
wav/iwslt2024_bho-hi-1730-2018115191936_12.wav	0	8.76
wav/iwslt2024_bho-hi-1730-2018115191936_13.wav	0	10.44
wav/iwslt2024_bho-hi-1730-2018115191936_14.wav	0	10.36
wav/iwslt2024_bho-hi-1730-2018115191936_15.wav	0	4.8
wav/iwslt2024_bho-hi-1730-2018115191936_16.wav	0	10.48
wav/iwslt2024_bho-hi-1730-2018115191936_17.wav	0	6.32
wav/iwslt2024_bho-hi-1730-2018115191936_18.wav	0	11.4
wav/iwslt2024_bho-hi-1730-2018115191936_19.wav	0	5.28
wav/iwslt2024_bho-hi-1730-2018115191936_20.wav	0	3.08
wav/iwslt2024_bho-hi-1730-2018115191936_21.wav	0	9.6
wav/iwslt2024_bho-hi-1730-2018115191936_22.wav	0	7.88
wav/iwslt2024_bho-hi-1730-2018115191936_23.wav	0	10.72
wav/iwslt2024_bho-hi-1730-2018115191936_25.wav	0	6.24
wav/iwslt2024_bho-hi-1730-2018115191936_26.wav	0	8.08
wav/iwslt2024_bho-hi-1730-2018115191936_27.wav	0	5.4
wav/iwslt2024_bho-hi-1730-2018115191936_28.wav	0	4.16
wav/iwslt2024_bho-hi-1730-2018115191936_29.wav	0	5
wav/iwslt2024_bho-hi-1730-2018115191936_30.wav	0	10.28
wav/iwslt2024_bho-hi-1730-2018115191936_31.wav	0	3.68
wav/iwslt2024_bho-hi-1730-2018115191936_32.wav	0	2.16
wav/iwslt2024_bho-hi-1730-2018115191936_33.wav	0	5.4
wav/iwslt2024_bho-hi-1730-2018115191936_35.wav	0	6.44
wav/iwslt2024_bho-hi-1730-2018115191936_36.wav	0	6.28
wav/iwslt2024_bho-hi-1730-2018115191936_37.wav	0	6.04
wav/iwslt2024_bho-hi-1730-2018116192748_1.wav	0	9.32
wav/iwslt2024_bho-hi-1730-2018116192748_2.wav	0	6.16
wav/iwslt2024_bho-hi-1730-2018116192748_3.wav	0	8.76
wav/iwslt2024_bho-hi-1730-2018116192748_4.wav	0	5.68
wav/iwslt2024_bho-hi-1730-2018116192748_6.wav	0	9.56
wav/iwslt2024_bho-hi-1730-2018116192748_7.wav	0	6.12
wav/iwslt2024_bho-hi-1730-2018116192748_8.wav	0	4.16
wav/iwslt2024_bho-hi-1730-2018116192748_9.wav	0	3.16
wav/iwslt2024_bho-hi-1730-2018116192748_10.wav	0	4.64
wav/iwslt2024_bho-hi-1730-2018116192748_11.wav	0	7.44
wav/iwslt2024_bho-hi-1730-2018116192748_12.wav	0	2.56
wav/iwslt2024_bho-hi-1730-2018116192748_13.wav	0	11.56
wav/iwslt2024_bho-hi-1730-2018116192748_14.wav	0	4.76
wav/iwslt2024_bho-hi-1730-2018116192748_15.wav	0	4.96
wav/iwslt2024_bho-hi-1730-2018116192748_16.wav	0	7.6
wav/iwslt2024_bho-hi-1730-2018116192748_17.wav	0	14.12
wav/iwslt2024_bho-hi-1730-2018116192748_19.wav	0	5.8
wav/iwslt2024_bho-hi-1730-2018116192748_20.wav	0	5.24
wav/iwslt2024_bho-hi-1730-2018116192748_21.wav	0	4.52
wav/iwslt2024_bho-hi-1730-2018116192748_22.wav	0	6.8
wav/iwslt2024_bho-hi-1730-2018116192748_23.wav	0	11.76
wav/iwslt2024_bho-hi-1730-2018116192748_24.wav	0	8.52
wav/iwslt2024_bho-hi-1730-2018116192748_33.wav	0	6.12
wav/iwslt2024_bho-hi-1730-2018116192748_34.wav	0	4.72
wav/iwslt2024_bho-hi-1730-2018116192748_35.wav	0	6.84
wav/iwslt2024_bho-hi-1730-2018116192748_37.wav	0	6.76
wav/iwslt2024_bho-hi-1730-2018116192748_38.wav	0	5.64
wav/iwslt2024_bho-hi-1730-2018116192748_39.wav	0	5.28
wav/iwslt2024_bho-hi-1730-2018118192517_1.wav	0	9.44
wav/iwslt2024_bho-hi-1730-2018118192517_2.wav	0	13.12
wav/iwslt2024_bho-hi-1730-2018118192517_3.wav	0	8.64
wav/iwslt2024_bho-hi-1730-2018118192517_4.wav	0	12.76
wav/iwslt2024_bho-hi-1730-2018118192517_5.wav	0	5.08
wav/iwslt2024_bho-hi-1730-2018118192517_6.wav	0	11.12
wav/iwslt2024_bho-hi-1730-2018118192517_7.wav	0	5.16
wav/iwslt2024_bho-hi-1730-2018118192517_8.wav	0	8.04
wav/iwslt2024_bho-hi-1730-2018118192517_9.wav	0	4.16
wav/iwslt2024_bho-hi-1730-2018118192517_10.wav	0	11.4
wav/iwslt2024_bho-hi-1730-2018118192517_11.wav	0	9.32
wav/iwslt2024_bho-hi-1730-2018118192517_12.wav	0	11.64
wav/iwslt2024_bho-hi-1730-2018118192517_13.wav	0	10.28
wav/iwslt2024_bho-hi-1730-2018118192517_14.wav	0	12.64
wav/iwslt2024_bho-hi-1730-2018118192517_15.wav	0	5.04
wav/iwslt2024_bho-hi-1730-2018118192517_16.wav	0	9.32
wav/iwslt2024_bho-hi-1730-2018118192517_17.wav	0	7.36
wav/iwslt2024_bho-hi-1730-2018118192517_18.wav	0	10.04
wav/iwslt2024_bho-hi-1730-2018118192517_19.wav	0	7.12
wav/iwslt2024_bho-hi-1730-2018118192517_20.wav	0	7.96
wav/iwslt2024_bho-hi-1730-2018118192517_21.wav	0	5.48
wav/iwslt2024_bho-hi-1730-2018118192517_22.wav	0	9.08
wav/iwslt2024_bho-hi-1730-2018118192517_23.wav	0	12.48
wav/iwslt2024_bho-hi-1730-2018118192517_24.wav	0	7.04
wav/iwslt2024_bho-hi-1730-2018118192517_25.wav	0	10.04
wav/iwslt2024_bho-hi-1730-2018118192517_27.wav	0	5.32
wav/iwslt2024_bho-hi-1730-2018118192517_31.wav	0	4.56
wav/iwslt2024_bho-hi-1730-2018118192517_32.wav	0	11.92
wav/iwslt2024_bho-hi-1730-2018118192517_33.wav	0	13.36
wav/iwslt2024_bho-hi-1730-2018121192254_1.wav	0	3.16
wav/iwslt2024_bho-hi-1730-2018121192254_3.wav	0	2.16
wav/iwslt2024_bho-hi-1730-2018121192254_7.wav	0	2.76
wav/iwslt2024_bho-hi-1730-2018121192254_8.wav	0	12.8
wav/iwslt2024_bho-hi-1730-2018121192254_11.wav	0	1.56
wav/iwslt2024_bho-hi-1730-2018121192254_12.wav	0	5.4
wav/iwslt2024_bho-hi-1730-2018121192254_13.wav	0	2.56
wav/iwslt2024_bho-hi-1730-2018121192254_14.wav	0	4.12
wav/iwslt2024_bho-hi-1730-2018121192254_15.wav	0	2.8
wav/iwslt2024_bho-hi-1730-2018121192254_23.wav	0	1.8
wav/iwslt2024_bho-hi-1730-2018121192254_27.wav	0	2.08
wav/iwslt2024_bho-hi-1730-2018121192254_28.wav	0	1.68
wav/iwslt2024_bho-hi-1730-2018121192254_30.wav	0	2.64
wav/iwslt2024_bho-hi-1730-2018121192254_32.wav	0	2.8
wav/iwslt2024_bho-hi-1730-2018121192254_33.wav	0	3.08
wav/iwslt2024_bho-hi-1730-2018121192254_34.wav	0	1.56
wav/iwslt2024_bho-hi-1730-2018121192254_39.wav	0	3.64
wav/iwslt2024_bho-hi-1730-2018121192254_40.wav	0	1.92
wav/iwslt2024_bho-hi-1730-2018121192254_41.wav	0	1.56
wav/iwslt2024_bho-hi-1730-2018121192254_55.wav	0	2.04
wav/iwslt2024_bho-hi-1730-2018121192254_60.wav	0	2.32
wav/iwslt2024_bho-hi-1730-2018121192254_74.wav	0	1.6
wav/iwslt2024_bho-hi-1730-2018121192254_78.wav	0	12.44
wav/iwslt2024_bho-hi-1730-2018121192254_79.wav	0	5.32
wav/iwslt2024_bho-hi-1730-2018121192254_80.wav	0	5.52
wav/iwslt2024_bho-hi-1730-2018121192254_82.wav	0	1.64
wav/iwslt2024_bho-hi-1730-2018121192254_83.wav	0	3.88
wav/iwslt2024_bho-hi-1730-2018121192254_86.wav	0	3.16
wav/iwslt2024_bho-hi-1730-2018121192254_88.wav	0	3.4
wav/iwslt2024_bho-hi-1730-2018121192254_90.wav	0	4.12
wav/iwslt2024_bho-hi-1730-2018121192254_92.wav	0	2.36
wav/iwslt2024_bho-hi-1730-2018121192254_96.wav	0	2.84
wav/iwslt2024_bho-hi-1730-2018121192254_98.wav	0	2.44
wav/iwslt2024_bho-hi-1730-2018121192254_100.wav	0	1.92
wav/iwslt2024_bho-hi-1730-2018121192254_106.wav	0	2.64
wav/iwslt2024_bho-hi-1730-2018121192254_108.wav	0	2.36
wav/iwslt2024_bho-hi-1730-2018121192254_112.wav	0	1.64
wav/iwslt2024_bho-hi-1730-2018121192254_118.wav	0	2.92
wav/iwslt2024_bho-hi-1730-2018121192254_119.wav	0	9.36
wav/iwslt2024_bho-hi-1730-2018121192254_122.wav	0	1.92
wav/iwslt2024_bho-hi-1730-2018121192254_134.wav	0	2.92
wav/iwslt2024_bho-hi-1730-2018121320913_1.wav	0	10.8
wav/iwslt2024_bho-hi-1730-2018121320913_2.wav	0	5.6
wav/iwslt2024_bho-hi-1730-2018121320913_3.wav	0	3.44
wav/iwslt2024_bho-hi-1730-2018121320913_4.wav	0	13.48
wav/iwslt2024_bho-hi-1730-2018121320913_5.wav	0	14.2
wav/iwslt2024_bho-hi-1730-2018121320913_6.wav	0	7.16
wav/iwslt2024_bho-hi-1730-2018121320913_7.wav	0	14.96
wav/iwslt2024_bho-hi-1730-2018121320913_8.wav	0	5.28
wav/iwslt2024_bho-hi-1730-2018121320913_9.wav	0	6.68
wav/iwslt2024_bho-hi-1730-2018121320913_10.wav	0	2.56
wav/iwslt2024_bho-hi-1730-2018121320913_11.wav	0	12.24
wav/iwslt2024_bho-hi-1730-2018121320913_12.wav	0	4.52
wav/iwslt2024_bho-hi-1730-2018121320913_13.wav	0	7.84
wav/iwslt2024_bho-hi-1730-2018121320913_14.wav	0	5.52
wav/iwslt2024_bho-hi-1730-2018121320913_15.wav	0	7.16
wav/iwslt2024_bho-hi-1730-2018121320913_16.wav	0	9.64
wav/iwslt2024_bho-hi-1730-2018121320913_17.wav	0	9.32
wav/iwslt2024_bho-hi-1730-2018121320913_18.wav	0	4.8
wav/iwslt2024_bho-hi-1730-2018121320913_19.wav	0	13.6
wav/iwslt2024_bho-hi-1730-2018121320913_20.wav	0	3.16
wav/iwslt2024_bho-hi-1730-2018121320913_21.wav	0	5.64
wav/iwslt2024_bho-hi-1730-2018121320913_22.wav	0	7.56
wav/iwslt2024_bho-hi-1730-2018121320913_23.wav	0	5.72
wav/iwslt2024_bho-hi-1730-2018121320913_24.wav	0	6.56
wav/iwslt2024_bho-hi-1730-2018121320913_25.wav	0	11.64
wav/iwslt2024_bho-hi-1730-2018121320913_27.wav	0	2.84
wav/iwslt2024_bho-hi-1730-2018121320913_28.wav	0	1.68
wav/iwslt2024_bho-hi-1730-2018121320913_29.wav	0	10
wav/iwslt2024_bho-hi-1730-2018121320913_30.wav	0	9.4
wav/iwslt2024_bho-hi-1730-2018121320913_31.wav	0	14.6
wav/iwslt2024_bho-hi-1730-2018121320913_32.wav	0	4.8
wav/iwslt2024_bho-hi-1730-2018121320913_33.wav	0	2.88
wav/iwslt2024_bho-hi-1730-2018121320913_34.wav	0	7.68
wav/iwslt2024_bho-hi-1730-2018122184220_2.wav	0	5.96
wav/iwslt2024_bho-hi-1730-2018122184220_3.wav	0	2.84
wav/iwslt2024_bho-hi-1730-2018122184220_5.wav	0	1.52
wav/iwslt2024_bho-hi-1730-2018122184220_8.wav	0	2.04
wav/iwslt2024_bho-hi-1730-2018122184220_13.wav	0	3.36
wav/iwslt2024_bho-hi-1730-2018122184220_14.wav	0	5.88
wav/iwslt2024_bho-hi-1730-2018122184220_15.wav	0	2.08
wav/iwslt2024_bho-hi-1730-2018122184220_16.wav	0	4.4
wav/iwslt2024_bho-hi-1730-2018122184220_18.wav	0	1.6
wav/iwslt2024_bho-hi-1730-2018122184220_20.wav	0	4.64
wav/iwslt2024_bho-hi-1730-2018122184220_25.wav	0	2.24
wav/iwslt2024_bho-hi-1730-2018122184220_31.wav	0	2.44
wav/iwslt2024_bho-hi-1730-2018122184220_33.wav	0	3.12
wav/iwslt2024_bho-hi-1730-2018122184220_55.wav	0	5
wav/iwslt2024_bho-hi-1730-2018122184220_56.wav	0	13.56
wav/iwslt2024_bho-hi-1730-2018122184220_60.wav	0	4.32
wav/iwslt2024_bho-hi-1730-2018122184220_61.wav	0	2.2
wav/iwslt2024_bho-hi-1730-2018122184220_66.wav	0	2.76
wav/iwslt2024_bho-hi-1730-2018122184220_69.wav	0	3.4
wav/iwslt2024_bho-hi-1730-2018122184220_70.wav	0	3.04
wav/iwslt2024_bho-hi-1730-2018122184220_71.wav	0	1.6
wav/iwslt2024_bho-hi-1730-2018122184220_78.wav	0	5.16
wav/iwslt2024_bho-hi-1730-2018122184220_80.wav	0	5.04
wav/iwslt2024_bho-hi-1730-2018122184220_82.wav	0	3.64
wav/iwslt2024_bho-hi-1730-2018122184220_83.wav	0	3.16
wav/iwslt2024_bho-hi-1730-2018122184220_88.wav	0	4.68
wav/iwslt2024_bho-hi-1730-2018122184220_91.wav	0	2
wav/iwslt2024_bho-hi-1730-2018122184220_93.wav	0	3.36
wav/iwslt2024_bho-hi-1730-2018122184220_94.wav	0	1.84
wav/iwslt2024_bho-hi-1730-2018122184220_95.wav	0	4.24
wav/iwslt2024_bho-hi-1730-2018122184220_105.wav	0	2.44
wav/iwslt2024_bho-hi-1730-2018122184220_106.wav	0	2.28
wav/iwslt2024_bho-hi-1730-2018122184220_107.wav	0	2.12
wav/iwslt2024_bho-hi-1730-2018122184220_108.wav	0	2.88
wav/iwslt2024_bho-hi-1730-2018122184220_109.wav	0	2.08
wav/iwslt2024_bho-hi-1730-2018122184220_111.wav	0	2.6
wav/iwslt2024_bho-hi-1730-2018122184220_112.wav	0	3.48
wav/iwslt2024_bho-hi-1730-2018122184220_114.wav	0	1.84
wav/iwslt2024_bho-hi-1730-2018122184220_116.wav	0	2.24
wav/iwslt2024_bho-hi-1730-2018122184220_117.wav	0	1.96
wav/iwslt2024_bho-hi-1730-2018122184220_118.wav	0	1.8
wav/iwslt2024_bho-hi-1730-2018122184220_119.wav	0	2.32
wav/iwslt2024_bho-hi-1730-2018122184220_122.wav	0	2.76
wav/iwslt2024_bho-hi-1730-2018122184220_126.wav	0	2.64
wav/iwslt2024_bho-hi-1730-2018122419320_2.wav	0	5.92
wav/iwslt2024_bho-hi-1730-2018122419320_3.wav	0	7.44
wav/iwslt2024_bho-hi-1730-2018122419320_5.wav	0	11.48
wav/iwslt2024_bho-hi-1730-2018122419320_6.wav	0	8.36
wav/iwslt2024_bho-hi-1730-2018122419320_7.wav	0	2.04
wav/iwslt2024_bho-hi-1730-2018122419320_8.wav	0	4.6
wav/iwslt2024_bho-hi-1730-2018122419320_9.wav	0	9.32
wav/iwslt2024_bho-hi-1730-2018122419320_10.wav	0	8.84
wav/iwslt2024_bho-hi-1730-2018122419320_11.wav	0	8.56
wav/iwslt2024_bho-hi-1730-2018122419320_12.wav	0	9.32
wav/iwslt2024_bho-hi-1730-2018122419320_13.wav	0	8.4
wav/iwslt2024_bho-hi-1730-2018122419320_14.wav	0	10
wav/iwslt2024_bho-hi-1730-2018122419320_16.wav	0	6.24
wav/iwslt2024_bho-hi-1730-2018122419320_17.wav	0	11.36
wav/iwslt2024_bho-hi-1730-2018122419320_18.wav	0	13.6
wav/iwslt2024_bho-hi-1730-2018122419320_19.wav	0	5.92
wav/iwslt2024_bho-hi-1730-2018122419320_20.wav	0	13.16
wav/iwslt2024_bho-hi-1730-2018122419320_21.wav	0	7.76
wav/iwslt2024_bho-hi-1730-2018122419320_22.wav	0	11.6
wav/iwslt2024_bho-hi-1730-2018122419320_23.wav	0	8.96
wav/iwslt2024_bho-hi-1730-2018122419320_24.wav	0	5.56
wav/iwslt2024_bho-hi-1730-2018122419320_25.wav	0	11.72
wav/iwslt2024_bho-hi-1730-2018122419320_26.wav	0	7.36
wav/iwslt2024_bho-hi-1730-2018122419320_27.wav	0	8.4
wav/iwslt2024_bho-hi-1730-2018122419320_28.wav	0	5.2
wav/iwslt2024_bho-hi-1730-2018122419320_29.wav	0	8.36
wav/iwslt2024_bho-hi-1730-2018122419320_30.wav	0	6.56
wav/iwslt2024_bho-hi-1730-2018122419320_31.wav	0	10.4
wav/iwslt2024_bho-hi-1730-2018125193352_2.wav	0	9.36
wav/iwslt2024_bho-hi-1730-2018125193352_3.wav	0	5.32
wav/iwslt2024_bho-hi-1730-2018125193352_4.wav	0	7.84
wav/iwslt2024_bho-hi-1730-2018125193352_5.wav	0	11
wav/iwslt2024_bho-hi-1730-2018125193352_6.wav	0	5.56
wav/iwslt2024_bho-hi-1730-2018125193352_7.wav	0	7.92
wav/iwslt2024_bho-hi-1730-2018125193352_9.wav	0	3.4
wav/iwslt2024_bho-hi-1730-2018125193352_10.wav	0	13.32
wav/iwslt2024_bho-hi-1730-2018125193352_11.wav	0	6.24
wav/iwslt2024_bho-hi-1730-2018125193352_12.wav	0	2.84
wav/iwslt2024_bho-hi-1730-2018125193352_13.wav	0	6.12
wav/iwslt2024_bho-hi-1730-2018125193352_14.wav	0	10.88
wav/iwslt2024_bho-hi-1730-2018125193352_15.wav	0	11.52
wav/iwslt2024_bho-hi-1730-2018125193352_16.wav	0	4.72
wav/iwslt2024_bho-hi-1730-2018125193352_17.wav	0	8.08
wav/iwslt2024_bho-hi-1730-2018125193352_19.wav	0	13.2
wav/iwslt2024_bho-hi-1730-2018125193352_21.wav	0	5.2
wav/iwslt2024_bho-hi-1730-2018125193352_22.wav	0	9.88
wav/iwslt2024_bho-hi-1730-2018125193352_23.wav	0	7
wav/iwslt2024_bho-hi-1730-2018125193352_24.wav	0	7.28
wav/iwslt2024_bho-hi-1730-2018125193352_26.wav	0	5.6
wav/iwslt2024_bho-hi-1730-2018125193352_27.wav	0	8.48
wav/iwslt2024_bho-hi-1730-2018125193352_29.wav	0	11.68
wav/iwslt2024_bho-hi-1730-2018127192656_1.wav	0	12.08
wav/iwslt2024_bho-hi-1730-2018127192656_2.wav	0	8.72
wav/iwslt2024_bho-hi-1730-2018127192656_3.wav	0	5.4
wav/iwslt2024_bho-hi-1730-2018127192656_4.wav	0	11.84
wav/iwslt2024_bho-hi-1730-2018127192656_5.wav	0	5.04
wav/iwslt2024_bho-hi-1730-2018127192656_6.wav	0	5.84
wav/iwslt2024_bho-hi-1730-2018127192656_7.wav	0	9.16
wav/iwslt2024_bho-hi-1730-2018127192656_8.wav	0	8.56
wav/iwslt2024_bho-hi-1730-2018127192656_9.wav	0	3.92
wav/iwslt2024_bho-hi-1730-2018127192656_11.wav	0	3.88
wav/iwslt2024_bho-hi-1730-2018127192656_12.wav	0	12.92
wav/iwslt2024_bho-hi-1730-2018127192656_13.wav	0	5.36
wav/iwslt2024_bho-hi-1730-2018127192656_14.wav	0	12.36
wav/iwslt2024_bho-hi-1730-2018127192656_15.wav	0	9.64
wav/iwslt2024_bho-hi-1730-2018127192656_16.wav	0	14.04
wav/iwslt2024_bho-hi-1730-2018127192656_17.wav	0	8.56
wav/iwslt2024_bho-hi-1730-2018127192656_18.wav	0	7.44
wav/iwslt2024_bho-hi-1730-2018127192656_19.wav	0	10.16
wav/iwslt2024_bho-hi-1730-2018127192656_20.wav	0	2.72
wav/iwslt2024_bho-hi-1730-2018127192656_21.wav	0	9.16
wav/iwslt2024_bho-hi-1730-2018127192656_23.wav	0	12
wav/iwslt2024_bho-hi-1730-2018127192656_24.wav	0	9.36
wav/iwslt2024_bho-hi-1730-2018127192656_26.wav	0	5.84
wav/iwslt2024_bho-hi-1730-2018127192656_27.wav	0	4.28
wav/iwslt2024_bho-hi-1730-2018127192656_28.wav	0	8.92
wav/iwslt2024_bho-hi-1730-2018127192656_29.wav	0	4.28
wav/iwslt2024_bho-hi-1730-2018127192656_30.wav	0	10.16
wav/iwslt2024_bho-hi-1730-2018127192656_31.wav	0	6.6
wav/iwslt2024_bho-hi-1730-2018624194337_2.wav	0	6.44
wav/iwslt2024_bho-hi-1730-2018624194337_3.wav	0	4.32
wav/iwslt2024_bho-hi-1730-2018624194337_4.wav	0	8.92
wav/iwslt2024_bho-hi-1730-2018624194337_5.wav	0	10.6
wav/iwslt2024_bho-hi-1730-2018624194337_6.wav	0	9.68
wav/iwslt2024_bho-hi-1730-2018624194337_7.wav	0	5.64
wav/iwslt2024_bho-hi-1730-2018624194337_8.wav	0	9.08
wav/iwslt2024_bho-hi-1730-2018624194337_9.wav	0	6.88
wav/iwslt2024_bho-hi-1730-2018624194337_12.wav	0	6.72
wav/iwslt2024_bho-hi-1730-2018624194337_13.wav	0	9.84
wav/iwslt2024_bho-hi-1730-2018624194337_14.wav	0	6.08
wav/iwslt2024_bho-hi-1730-2018624194337_16.wav	0	7.48
wav/iwslt2024_bho-hi-1730-2018624194337_17.wav	0	12.44
wav/iwslt2024_bho-hi-1730-2018624194337_18.wav	0	3.64
wav/iwslt2024_bho-hi-1730-2018624194337_19.wav	0	5.12
wav/iwslt2024_bho-hi-1730-2018624194337_20.wav	0	10.84
wav/iwslt2024_bho-hi-1730-2018624194337_22.wav	0	6.28
wav/iwslt2024_bho-hi-1730-2018624194337_23.wav	0	8.36
wav/iwslt2024_bho-hi-1730-2018624194337_24.wav	0	4.84
wav/iwslt2024_bho-hi-1730-2018624194337_25.wav	0	8.72
wav/iwslt2024_bho-hi-1730-2018624194337_27.wav	0	6.52
wav/iwslt2024_bho-hi-1730-2018624194337_28.wav	0	7.84
wav/iwslt2024_bho-hi-1730-2018624194337_29.wav	0	12.2
wav/iwslt2024_bho-hi-1730-2018624194337_30.wav	0	7.88
wav/iwslt2024_bho-hi-1730-2018713192843_1.wav	0	8.68
wav/iwslt2024_bho-hi-1730-2018713192843_2.wav	0	2.56
wav/iwslt2024_bho-hi-1730-2018713192843_3.wav	0	12.04
wav/iwslt2024_bho-hi-1730-2018713192843_4.wav	0	5.08
wav/iwslt2024_bho-hi-1730-2018713192843_5.wav	0	10.12
wav/iwslt2024_bho-hi-1730-2018713192843_6.wav	0	6.32
wav/iwslt2024_bho-hi-1730-2018713192843_7.wav	0	9.08
wav/iwslt2024_bho-hi-1730-2018713192843_8.wav	0	11.32
wav/iwslt2024_bho-hi-1730-2018713192843_9.wav	0	8.48
wav/iwslt2024_bho-hi-1730-2018713192843_10.wav	0	6
wav/iwslt2024_bho-hi-1730-2018713192843_11.wav	0	3.44
wav/iwslt2024_bho-hi-1730-2018713192843_12.wav	0	5.76
wav/iwslt2024_bho-hi-1730-2018713192843_13.wav	0	11.24
wav/iwslt2024_bho-hi-1730-2018713192843_14.wav	0	6.08
wav/iwslt2024_bho-hi-1730-2018713192843_15.wav	0	5.16
wav/iwslt2024_bho-hi-1730-2018713192843_17.wav	0	9.6
wav/iwslt2024_bho-hi-1730-2018713192843_18.wav	0	9.28
wav/iwslt2024_bho-hi-1730-2018713192843_20.wav	0	6.76
wav/iwslt2024_bho-hi-1730-2018713192843_21.wav	0	6.44
wav/iwslt2024_bho-hi-1730-2018713192843_22.wav	0	5.4
wav/iwslt2024_bho-hi-1730-2018713192843_23.wav	0	9.36
wav/iwslt2024_bho-hi-1730-2018713192843_25.wav	0	12.92
wav/iwslt2024_bho-hi-1730-2018713192843_26.wav	0	7.48
wav/iwslt2024_bho-hi-1730-2018713192843_27.wav	0	13.72
wav/iwslt2024_bho-hi-1730-2018713192843_28.wav	0	10.48
wav/iwslt2024_bho-hi-1730-2018714184620_1.wav	0	11.36
wav/iwslt2024_bho-hi-1730-2018714184620_2.wav	0	5.8
wav/iwslt2024_bho-hi-1730-2018714184620_3.wav	0	4.44
wav/iwslt2024_bho-hi-1730-2018714184620_5.wav	0	5.2
wav/iwslt2024_bho-hi-1730-2018714184620_7.wav	0	9.64
wav/iwslt2024_bho-hi-1730-2018714184620_8.wav	0	6.92
wav/iwslt2024_bho-hi-1730-2018714184620_9.wav	0	9
wav/iwslt2024_bho-hi-1730-2018714184620_10.wav	0	5.24
wav/iwslt2024_bho-hi-1730-2018714184620_12.wav	0	5.68
wav/iwslt2024_bho-hi-1730-2018714184620_13.wav	0	4.96
wav/iwslt2024_bho-hi-1730-2018714184620_14.wav	0	3.68
wav/iwslt2024_bho-hi-1730-2018714184620_15.wav	0	8.16
wav/iwslt2024_bho-hi-1730-2018714184620_16.wav	0	2.92
wav/iwslt2024_bho-hi-1730-2018714184620_17.wav	0	7.08
wav/iwslt2024_bho-hi-1730-2018714184620_18.wav	0	5.4
wav/iwslt2024_bho-hi-1730-2018714184620_19.wav	0	3.48
wav/iwslt2024_bho-hi-1730-2018714184620_20.wav	0	3.08
wav/iwslt2024_bho-hi-1730-2018714184620_21.wav	0	2.28
wav/iwslt2024_bho-hi-1730-2018714184620_23.wav	0	8.76
wav/iwslt2024_bho-hi-1730-2018714184620_24.wav	0	4.32
wav/iwslt2024_bho-hi-1730-2018714184620_25.wav	0	5
wav/iwslt2024_bho-hi-1730-2018714184620_26.wav	0	5.48
wav/iwslt2024_bho-hi-1730-2018714184620_27.wav	0	9.76
wav/iwslt2024_bho-hi-1730-2018714184620_28.wav	0	8.84
wav/iwslt2024_bho-hi-1730-2018714184620_29.wav	0	5.08
wav/iwslt2024_bho-hi-1730-2018714184620_31.wav	0	3.24
wav/iwslt2024_bho-hi-1730-2018714184620_32.wav	0	4.56
wav/iwslt2024_bho-hi-1730-2018714184620_33.wav	0	3.68
wav/iwslt2024_bho-hi-1730-2018714184620_34.wav	0	12
wav/iwslt2024_bho-hi-1730-2018715185754_4.wav	0	9.84
wav/iwslt2024_bho-hi-1730-2018715185754_7.wav	0	4.76
wav/iwslt2024_bho-hi-1730-2018715185754_14.wav	0	2.04
wav/iwslt2024_bho-hi-1730-2018715185754_18.wav	0	1.64
wav/iwslt2024_bho-hi-1730-2018715185754_20.wav	0	2.44
wav/iwslt2024_bho-hi-1730-2018715185754_21.wav	0	1.6
wav/iwslt2024_bho-hi-1730-2018715185754_24.wav	0	6.92
wav/iwslt2024_bho-hi-1730-2018715185754_27.wav	0	1.6
wav/iwslt2024_bho-hi-1730-2018715185754_33.wav	0	2.68
wav/iwslt2024_bho-hi-1730-2018715185754_35.wav	0	1.88
wav/iwslt2024_bho-hi-1730-2018715185754_39.wav	0	2.24
wav/iwslt2024_bho-hi-1730-2018715185754_40.wav	0	14.8
wav/iwslt2024_bho-hi-1730-2018715185754_43.wav	0	2.68
wav/iwslt2024_bho-hi-1730-2018715185754_44.wav	0	2.52
wav/iwslt2024_bho-hi-1730-2018715185754_45.wav	0	1.76
wav/iwslt2024_bho-hi-1730-2018715185754_47.wav	0	3.16
wav/iwslt2024_bho-hi-1730-2018715185754_48.wav	0	1.88
wav/iwslt2024_bho-hi-1730-2018715185754_49.wav	0	10.92
wav/iwslt2024_bho-hi-1730-2018715185754_53.wav	0	2.56
wav/iwslt2024_bho-hi-1730-2018715185754_57.wav	0	1.76
wav/iwslt2024_bho-hi-1730-2018715185754_61.wav	0	1.88
wav/iwslt2024_bho-hi-1730-2018715185754_68.wav	0	3
wav/iwslt2024_bho-hi-1730-2018715185754_69.wav	0	2.24
wav/iwslt2024_bho-hi-1730-2018715185754_70.wav	0	3.88
wav/iwslt2024_bho-hi-1730-2018715185754_73.wav	0	1.8
wav/iwslt2024_bho-hi-1730-2018715185754_74.wav	0	7.6
wav/iwslt2024_bho-hi-1730-2018715185754_77.wav	0	3.04
wav/iwslt2024_bho-hi-1730-2018715185754_78.wav	0	2.24
wav/iwslt2024_bho-hi-1730-2018715185754_79.wav	0	1.64
wav/iwslt2024_bho-hi-1730-2018715185754_80.wav	0	5
wav/iwslt2024_bho-hi-1730-2018715185754_86.wav	0	1.92
wav/iwslt2024_bho-hi-1730-2018715185754_87.wav	0	1.88
wav/iwslt2024_bho-hi-1730-2018715185754_89.wav	0	1.56
wav/iwslt2024_bho-hi-1730-2018715185754_93.wav	0	1.84
wav/iwslt2024_bho-hi-1730-2018715185754_99.wav	0	10.08
wav/iwslt2024_bho-hi-1730-2018715185754_102.wav	0	3.24
wav/iwslt2024_bho-hi-1730-2018715185754_103.wav	0	3.28
wav/iwslt2024_bho-hi-1730-2018721183543_3.wav	0	7.04
wav/iwslt2024_bho-hi-1730-2018721183543_4.wav	0	12.48
wav/iwslt2024_bho-hi-1730-2018721183543_5.wav	0	5.88
wav/iwslt2024_bho-hi-1730-2018721183543_7.wav	0	12.8
wav/iwslt2024_bho-hi-1730-2018721183543_8.wav	0	9.72
wav/iwslt2024_bho-hi-1730-2018721183543_12.wav	0	5.36
wav/iwslt2024_bho-hi-1730-2018721183543_13.wav	0	11.4
wav/iwslt2024_bho-hi-1730-2018721183543_14.wav	0	12.96
wav/iwslt2024_bho-hi-1730-2018721183543_15.wav	0	4.12
wav/iwslt2024_bho-hi-1730-2018721183543_16.wav	0	12.12
wav/iwslt2024_bho-hi-1730-2018721183543_17.wav	0	6.88
wav/iwslt2024_bho-hi-1730-2018721183543_18.wav	0	6.84
wav/iwslt2024_bho-hi-1730-2018721183543_19.wav	0	11.04
wav/iwslt2024_bho-hi-1730-2018721183543_20.wav	0	6.64
wav/iwslt2024_bho-hi-1730-2018721183543_22.wav	0	11.64
wav/iwslt2024_bho-hi-1730-2018721183543_23.wav	0	3.52
wav/iwslt2024_bho-hi-1730-2018721183543_24.wav	0	5.44
wav/iwslt2024_bho-hi-1730-2018721183543_25.wav	0	8.68
wav/iwslt2024_bho-hi-1730-2018721183543_26.wav	0	5.24
wav/iwslt2024_bho-hi-1730-2018721183543_27.wav	0	3.6
wav/iwslt2024_bho-hi-1730-2018721183543_28.wav	0	9.52
wav/iwslt2024_bho-hi-1730-2018721183543_29.wav	0	6.04
wav/iwslt2024_bho-hi-1730-2018721183543_30.wav	0	6.48
wav/iwslt2024_bho-hi-1730-2018721183543_31.wav	0	5
wav/iwslt2024_bho-hi-1730-2018721183543_32.wav	0	6.32
wav/iwslt2024_bho-hi-1730-2018721183543_33.wav	0	6.68
wav/iwslt2024_bho-hi-1730-2018721183543_34.wav	0	4.96
wav/iwslt2024_bho-hi-1730-2018721183543_35.wav	0	8.36
wav/iwslt2024_bho-hi-1730-2018728182648_1.wav	0	10.88
wav/iwslt2024_bho-hi-1730-2018728182648_2.wav	0	8.8
wav/iwslt2024_bho-hi-1730-2018728182648_3.wav	0	14.16
wav/iwslt2024_bho-hi-1730-2018728182648_4.wav	0	8.24
wav/iwslt2024_bho-hi-1730-2018728182648_5.wav	0	6.64
wav/iwslt2024_bho-hi-1730-2018728182648_6.wav	0	9.56
wav/iwslt2024_bho-hi-1730-2018728182648_7.wav	0	2.76
wav/iwslt2024_bho-hi-1730-2018728182648_8.wav	0	5.52
wav/iwslt2024_bho-hi-1730-2018728182648_10.wav	0	10.76
wav/iwslt2024_bho-hi-1730-2018728182648_11.wav	0	5.88
wav/iwslt2024_bho-hi-1730-2018728182648_12.wav	0	13.96
wav/iwslt2024_bho-hi-1730-2018728182648_15.wav	0	7.12
wav/iwslt2024_bho-hi-1730-2018728182648_17.wav	0	14.2
wav/iwslt2024_bho-hi-1730-2018728182648_18.wav	0	9.72
wav/iwslt2024_bho-hi-1730-2018728182648_19.wav	0	10.52
wav/iwslt2024_bho-hi-1730-2018728182648_20.wav	0	9.4
wav/iwslt2024_bho-hi-1730-2018728182648_21.wav	0	10.4
wav/iwslt2024_bho-hi-1730-2018728182648_22.wav	0	7.64
wav/iwslt2024_bho-hi-1730-2018728182648_23.wav	0	9.6
wav/iwslt2024_bho-hi-1730-2018728182648_24.wav	0	9.84
wav/iwslt2024_bho-hi-1730-2018728182648_26.wav	0	4
wav/iwslt2024_bho-hi-1730-2018729192459_1.wav	0	2.2
wav/iwslt2024_bho-hi-1730-2018729192459_4.wav	0	10.6
wav/iwslt2024_bho-hi-1730-2018729192459_5.wav	0	3.24
wav/iwslt2024_bho-hi-1730-2018729192459_6.wav	0	2.76
wav/iwslt2024_bho-hi-1730-2018729192459_11.wav	0	3.76
wav/iwslt2024_bho-hi-1730-2018729192459_14.wav	0	2.76
wav/iwslt2024_bho-hi-1730-2018729192459_19.wav	0	3.52
wav/iwslt2024_bho-hi-1730-2018729192459_23.wav	0	2.84
wav/iwslt2024_bho-hi-1730-2018729192459_26.wav	0	1.76
wav/iwslt2024_bho-hi-1730-2018729192459_27.wav	0	4.36
wav/iwslt2024_bho-hi-1730-2018729192459_28.wav	0	2.16
wav/iwslt2024_bho-hi-1730-2018729192459_32.wav	0	1.76
wav/iwslt2024_bho-hi-1730-2018729192459_40.wav	0	6.16
wav/iwslt2024_bho-hi-1730-2018729192459_51.wav	0	2.04
wav/iwslt2024_bho-hi-1730-2018729192459_57.wav	0	2.16
wav/iwslt2024_bho-hi-1730-2018729192459_63.wav	0	1.88
wav/iwslt2024_bho-hi-1730-2018729192459_64.wav	0	8.32
wav/iwslt2024_bho-hi-1730-2018729192459_66.wav	0	2.84
wav/iwslt2024_bho-hi-1730-2018729192459_76.wav	0	1.8
wav/iwslt2024_bho-hi-1730-2018729192459_80.wav	0	1.56
wav/iwslt2024_bho-hi-1730-2018729192459_81.wav	0	1.64
wav/iwslt2024_bho-hi-1730-2018729192459_89.wav	0	5.48
wav/iwslt2024_bho-hi-1730-2018729192459_90.wav	0	2.04
wav/iwslt2024_bho-hi-1730-2018729192459_91.wav	0	2.96
wav/iwslt2024_bho-hi-1730-2018729192459_94.wav	0	2
wav/iwslt2024_bho-hi-1730-2018729192459_108.wav	0	2.32
wav/iwslt2024_bho-hi-1730-2018729192459_109.wav	0	6.96
wav/iwslt2024_bho-hi-1730-2018729192459_117.wav	0	8.76
wav/iwslt2024_bho-hi-1730-2018729192459_118.wav	0	2.44
wav/iwslt2024_bho-hi-1730-2018729192459_120.wav	0	2.08
wav/iwslt2024_bho-hi-1730-2018729192459_125.wav	0	2.32
wav/iwslt2024_bho-hi-1730-2018729192459_126.wav	0	3.84
wav/iwslt2024_bho-hi-1730-2018729192459_127.wav	0	2.84
wav/iwslt2024_bho-hi-1730-2018729192459_133.wav	0	1.76
wav/iwslt2024_bho-hi-1730-2018730191333_3.wav	0	2.52
wav/iwslt2024_bho-hi-1730-2018730191333_5.wav	0	2.24
wav/iwslt2024_bho-hi-1730-2018730191333_6.wav	0	1.88
wav/iwslt2024_bho-hi-1730-2018730191333_7.wav	0	1.52
wav/iwslt2024_bho-hi-1730-2018730191333_8.wav	0	4.12
wav/iwslt2024_bho-hi-1730-2018730191333_11.wav	0	2.4
wav/iwslt2024_bho-hi-1730-2018730191333_12.wav	0	2.4
wav/iwslt2024_bho-hi-1730-2018730191333_13.wav	0	3.28
wav/iwslt2024_bho-hi-1730-2018730191333_22.wav	0	3.12
wav/iwslt2024_bho-hi-1730-2018730191333_27.wav	0	1.68
wav/iwslt2024_bho-hi-1730-2018730191333_28.wav	0	2.32
wav/iwslt2024_bho-hi-1730-2018730191333_29.wav	0	1.88
wav/iwslt2024_bho-hi-1730-2018730191333_35.wav	0	2
wav/iwslt2024_bho-hi-1730-2018730191333_36.wav	0	6.36
wav/iwslt2024_bho-hi-1730-2018730191333_37.wav	0	5.56
wav/iwslt2024_bho-hi-1730-2018730191333_38.wav	0	3.08
wav/iwslt2024_bho-hi-1730-2018730191333_43.wav	0	1.72
wav/iwslt2024_bho-hi-1730-2018730191333_45.wav	0	5.04
wav/iwslt2024_bho-hi-1730-2018730191333_48.wav	0	2.56
wav/iwslt2024_bho-hi-1730-2018730191333_50.wav	0	2.6
wav/iwslt2024_bho-hi-1730-2018730191333_51.wav	0	1.92
wav/iwslt2024_bho-hi-1730-2018730191333_58.wav	0	2.36
wav/iwslt2024_bho-hi-1730-2018730191333_68.wav	0	1.72
wav/iwslt2024_bho-hi-1730-2018730191333_69.wav	0	3.36
wav/iwslt2024_bho-hi-1730-2018730191333_73.wav	0	2.32
wav/iwslt2024_bho-hi-1730-2018730191333_78.wav	0	2.52
wav/iwslt2024_bho-hi-1730-2018730191333_79.wav	0	2.44
wav/iwslt2024_bho-hi-1730-2018730191333_81.wav	0	2
wav/iwslt2024_bho-hi-1730-2018730191333_82.wav	0	2.24
wav/iwslt2024_bho-hi-1730-2018730191333_84.wav	0	2.24
wav/iwslt2024_bho-hi-1730-2018730191333_86.wav	0	2.52
wav/iwslt2024_bho-hi-1730-2018730191333_87.wav	0	2.76
wav/iwslt2024_bho-hi-1730-2018730191333_88.wav	0	2.48
wav/iwslt2024_bho-hi-1730-2018730191333_105.wav	0	1.68
wav/iwslt2024_bho-hi-1730-2018730191333_106.wav	0	1.72
wav/iwslt2024_bho-hi-1730-2018730191333_110.wav	0	1.76
wav/iwslt2024_bho-hi-1730-2018730191333_117.wav	0	2.56
wav/iwslt2024_bho-hi-1730-2018730191333_121.wav	0	1.84
wav/iwslt2024_bho-hi-1730-2018730191333_129.wav	0	1.72
wav/iwslt2024_bho-hi-1730-2018730191333_130.wav	0	1.52
wav/iwslt2024_bho-hi-1730-2018730191333_132.wav	0	1.68
wav/iwslt2024_bho-hi-1730-2018730191333_135.wav	0	1.84
wav/iwslt2024_bho-hi-1730-2018730191333_145.wav	0	3.52
wav/iwslt2024_bho-hi-1730-2018810184110_1.wav	0	3.8
wav/iwslt2024_bho-hi-1730-2018810184110_2.wav	0	9.56
wav/iwslt2024_bho-hi-1730-2018810184110_3.wav	0	4.6
wav/iwslt2024_bho-hi-1730-2018810184110_4.wav	0	2.36
wav/iwslt2024_bho-hi-1730-2018810184110_5.wav	0	10.84
wav/iwslt2024_bho-hi-1730-2018810184110_6.wav	0	5.08
wav/iwslt2024_bho-hi-1730-2018810184110_7.wav	0	3.56
wav/iwslt2024_bho-hi-1730-2018810184110_8.wav	0	8.48
wav/iwslt2024_bho-hi-1730-2018810184110_9.wav	0	12.52
wav/iwslt2024_bho-hi-1730-2018810184110_10.wav	0	3.16
wav/iwslt2024_bho-hi-1730-2018810184110_11.wav	0	7.08
wav/iwslt2024_bho-hi-1730-2018810184110_12.wav	0	6.28
wav/iwslt2024_bho-hi-1730-2018810184110_13.wav	0	4.44
wav/iwslt2024_bho-hi-1730-2018810184110_14.wav	0	7.44
wav/iwslt2024_bho-hi-1730-2018810184110_15.wav	0	3.32
wav/iwslt2024_bho-hi-1730-2018810184110_16.wav	0	13.68
wav/iwslt2024_bho-hi-1730-2018810184110_17.wav	0	6.84
wav/iwslt2024_bho-hi-1730-2018810184110_18.wav	0	8.64
wav/iwslt2024_bho-hi-1730-2018810184110_19.wav	0	3.16
wav/iwslt2024_bho-hi-1730-2018810184110_20.wav	0	11.08
wav/iwslt2024_bho-hi-1730-2018810184110_21.wav	0	10.44
wav/iwslt2024_bho-hi-1730-2018810184110_22.wav	0	2.64
wav/iwslt2024_bho-hi-1730-2018810184110_24.wav	0	6.08
wav/iwslt2024_bho-hi-1730-2018810184110_27.wav	0	2.88
wav/iwslt2024_bho-hi-1730-2018810184110_28.wav	0	10.84
wav/iwslt2024_bho-hi-1730-2018810184110_29.wav	0	7.72
wav/iwslt2024_bho-hi-1730-2018810184110_30.wav	0	8.4
wav/iwslt2024_bho-hi-1730-2018810184110_31.wav	0	7.68
wav/iwslt2024_bho-hi-1730-2018810184110_32.wav	0	4.72
wav/iwslt2024_bho-hi-1730-2018810184110_33.wav	0	9.32
wav/iwslt2024_bho-hi-1730-2018810184110_34.wav	0	11.36
wav/iwslt2024_bho-hi-1730-2018810184110_35.wav	0	12.08
wav/iwslt2024_bho-hi-1730-2018810184110_36.wav	0	7
wav/iwslt2024_bho-hi-1730-2018810184110_37.wav	0	8.32
wav/iwslt2024_bho-hi-1730-2018812184540_3.wav	0	1.56
wav/iwslt2024_bho-hi-1730-2018812184540_4.wav	0	12.36
wav/iwslt2024_bho-hi-1730-2018812184540_5.wav	0	2.28
wav/iwslt2024_bho-hi-1730-2018812184540_6.wav	0	6.08
wav/iwslt2024_bho-hi-1730-2018812184540_9.wav	0	1.88
wav/iwslt2024_bho-hi-1730-2018812184540_10.wav	0	4.16
wav/iwslt2024_bho-hi-1730-2018812184540_12.wav	0	2.12
wav/iwslt2024_bho-hi-1730-2018812184540_13.wav	0	2.56
wav/iwslt2024_bho-hi-1730-2018812184540_14.wav	0	1.96
wav/iwslt2024_bho-hi-1730-2018812184540_16.wav	0	1.56
wav/iwslt2024_bho-hi-1730-2018812184540_17.wav	0	1.88
wav/iwslt2024_bho-hi-1730-2018812184540_18.wav	0	4.04
wav/iwslt2024_bho-hi-1730-2018812184540_23.wav	0	1.68
wav/iwslt2024_bho-hi-1730-2018812184540_24.wav	0	3.2
wav/iwslt2024_bho-hi-1730-2018812184540_25.wav	0	3.16
wav/iwslt2024_bho-hi-1730-2018812184540_26.wav	0	3
wav/iwslt2024_bho-hi-1730-2018812184540_27.wav	0	2.6
wav/iwslt2024_bho-hi-1730-2018812184540_28.wav	0	8.44
wav/iwslt2024_bho-hi-1730-2018812184540_29.wav	0	2.68
wav/iwslt2024_bho-hi-1730-2018812184540_32.wav	0	9.84
wav/iwslt2024_bho-hi-1730-2018812184540_34.wav	0	2.16
wav/iwslt2024_bho-hi-1730-2018812184540_36.wav	0	3.36
wav/iwslt2024_bho-hi-1730-2018812184540_37.wav	0	3.04
wav/iwslt2024_bho-hi-1730-2018812184540_41.wav	0	1.56
wav/iwslt2024_bho-hi-1730-2018812184540_43.wav	0	1.84
wav/iwslt2024_bho-hi-1730-2018812184540_50.wav	0	1.8
wav/iwslt2024_bho-hi-1730-2018812184540_51.wav	0	1.68
wav/iwslt2024_bho-hi-1730-2018812184540_52.wav	0	2.24
wav/iwslt2024_bho-hi-1730-2018812184540_59.wav	0	1.56
wav/iwslt2024_bho-hi-1730-2018812184540_63.wav	0	2.6
wav/iwslt2024_bho-hi-1730-2018812184540_64.wav	0	2.28
wav/iwslt2024_bho-hi-1730-2018812184540_67.wav	0	1.64
wav/iwslt2024_bho-hi-1730-2018812184540_71.wav	0	2.44
wav/iwslt2024_bho-hi-1730-2018812184540_72.wav	0	5.84
wav/iwslt2024_bho-hi-1730-2018812184540_80.wav	0	8.44
wav/iwslt2024_bho-hi-1730-2018812184540_83.wav	0	2.28
wav/iwslt2024_bho-hi-1730-2018812184540_87.wav	0	2.8
wav/iwslt2024_bho-hi-1730-2018812184540_93.wav	0	2.04
wav/iwslt2024_bho-hi-1730-2018812184540_102.wav	0	2.16
wav/iwslt2024_bho-hi-1730-2018812184540_105.wav	0	2.68
wav/iwslt2024_bho-hi-1730-2018812184540_108.wav	0	1.88
wav/iwslt2024_bho-hi-1730-2018812184540_110.wav	0	4.4
wav/iwslt2024_bho-hi-1730-2018812184540_111.wav	0	4.08
wav/iwslt2024_bho-hi-1730-2018812184540_113.wav	0	2.76
wav/iwslt2024_bho-hi-1730-2018812184540_116.wav	0	4
wav/iwslt2024_bho-hi-1730-2018812184540_119.wav	0	3.92
wav/iwslt2024_bho-hi-1730-2018812184540_133.wav	0	2
wav/iwslt2024_bho-hi-1730-2018817183413_1.wav	0	6.56
wav/iwslt2024_bho-hi-1730-2018817183413_2.wav	0	8.44
wav/iwslt2024_bho-hi-1730-2018817183413_3.wav	0	10.68
wav/iwslt2024_bho-hi-1730-2018817183413_4.wav	0	9.76
wav/iwslt2024_bho-hi-1730-2018817183413_5.wav	0	6.4
wav/iwslt2024_bho-hi-1730-2018817183413_6.wav	0	11
wav/iwslt2024_bho-hi-1730-2018817183413_7.wav	0	14.92
wav/iwslt2024_bho-hi-1730-2018817183413_8.wav	0	5.76
wav/iwslt2024_bho-hi-1730-2018817183413_9.wav	0	13.68
wav/iwslt2024_bho-hi-1730-2018817183413_10.wav	0	13.28
wav/iwslt2024_bho-hi-1730-2018817183413_11.wav	0	7.92
wav/iwslt2024_bho-hi-1730-2018817183413_13.wav	0	12.08
wav/iwslt2024_bho-hi-1730-2018817183413_16.wav	0	9.04
wav/iwslt2024_bho-hi-1730-2018817183413_18.wav	0	4.64
wav/iwslt2024_bho-hi-1730-2018817183413_19.wav	0	9.04
wav/iwslt2024_bho-hi-1730-2018817183413_20.wav	0	8.96
wav/iwslt2024_bho-hi-1730-2018817183413_22.wav	0	12.44
wav/iwslt2024_bho-hi-1730-2018817183413_27.wav	0	8.8
wav/iwslt2024_bho-hi-1730-2018817183413_28.wav	0	4.16
wav/iwslt2024_bho-hi-1730-2018817183413_29.wav	0	10.64
wav/iwslt2024_bho-hi-1730-2018817183413_30.wav	0	11.12
wav/iwslt2024_bho-hi-1730-2018817183413_31.wav	0	13.52
wav/iwslt2024_bho-hi-1730-2018821184644_1.wav	0	11.76
wav/iwslt2024_bho-hi-1730-2018821184644_2.wav	0	10.76
wav/iwslt2024_bho-hi-1730-2018821184644_3.wav	0	6.32
wav/iwslt2024_bho-hi-1730-2018821184644_4.wav	0	6.16
wav/iwslt2024_bho-hi-1730-2018821184644_5.wav	0	4.96
wav/iwslt2024_bho-hi-1730-2018821184644_6.wav	0	6.36
wav/iwslt2024_bho-hi-1730-2018821184644_7.wav	0	8.84
wav/iwslt2024_bho-hi-1730-2018821184644_8.wav	0	5.44
wav/iwslt2024_bho-hi-1730-2018821184644_9.wav	0	6.08
wav/iwslt2024_bho-hi-1730-2018821184644_10.wav	0	9.84
wav/iwslt2024_bho-hi-1730-2018821184644_11.wav	0	11.84
wav/iwslt2024_bho-hi-1730-2018821184644_12.wav	0	12.84
wav/iwslt2024_bho-hi-1730-2018821184644_13.wav	0	9.96
wav/iwslt2024_bho-hi-1730-2018821184644_14.wav	0	9.2
wav/iwslt2024_bho-hi-1730-2018821184644_15.wav	0	8.24
wav/iwslt2024_bho-hi-1730-2018821184644_16.wav	0	8.24
wav/iwslt2024_bho-hi-1730-2018821184644_17.wav	0	5.12
wav/iwslt2024_bho-hi-1730-2018821184644_18.wav	0	6.32
wav/iwslt2024_bho-hi-1730-2018821184644_19.wav	0	4.72
wav/iwslt2024_bho-hi-1730-2018821184644_20.wav	0	10.24
wav/iwslt2024_bho-hi-1730-2018821184644_21.wav	0	12.04
wav/iwslt2024_bho-hi-1730-2018821184644_22.wav	0	9.08
wav/iwslt2024_bho-hi-1730-2018821184644_23.wav	0	14.36
wav/iwslt2024_bho-hi-1730-2018821184644_24.wav	0	14.84
wav/iwslt2024_bho-hi-1730-2018821184644_25.wav	0	8.84
wav/iwslt2024_bho-hi-1730-2018821184644_26.wav	0	4.8
wav/iwslt2024_bho-hi-1730-2018821184644_27.wav	0	13.76
wav/iwslt2024_bho-hi-1730-2018821184644_29.wav	0	10.76
wav/iwslt2024_bho-hi-1730-2018821184644_30.wav	0	4
wav/iwslt2024_bho-hi-1730-2018822183947_1.wav	0	1.64
wav/iwslt2024_bho-hi-1730-2018822183947_2.wav	0	3.56
wav/iwslt2024_bho-hi-1730-2018822183947_3.wav	0	2
wav/iwslt2024_bho-hi-1730-2018822183947_8.wav	0	1.92
wav/iwslt2024_bho-hi-1730-2018822183947_12.wav	0	1.52
wav/iwslt2024_bho-hi-1730-2018822183947_15.wav	0	1.64
wav/iwslt2024_bho-hi-1730-2018822183947_16.wav	0	2.28
wav/iwslt2024_bho-hi-1730-2018822183947_18.wav	0	2.24
wav/iwslt2024_bho-hi-1730-2018822183947_19.wav	0	4.92
wav/iwslt2024_bho-hi-1730-2018822183947_20.wav	0	2.96
wav/iwslt2024_bho-hi-1730-2018822183947_22.wav	0	4.92
wav/iwslt2024_bho-hi-1730-2018822183947_23.wav	0	2.92
wav/iwslt2024_bho-hi-1730-2018822183947_24.wav	0	4.28
wav/iwslt2024_bho-hi-1730-2018822183947_26.wav	0	3
wav/iwslt2024_bho-hi-1730-2018822183947_27.wav	0	2.96
wav/iwslt2024_bho-hi-1730-2018822183947_28.wav	0	4.12
wav/iwslt2024_bho-hi-1730-2018822183947_32.wav	0	1.64
wav/iwslt2024_bho-hi-1730-2018822183947_33.wav	0	1.56
wav/iwslt2024_bho-hi-1730-2018822183947_38.wav	0	1.76
wav/iwslt2024_bho-hi-1730-2018822183947_39.wav	0	2.28
wav/iwslt2024_bho-hi-1730-2018822183947_40.wav	0	4.04
wav/iwslt2024_bho-hi-1730-2018822183947_45.wav	0	3.88
wav/iwslt2024_bho-hi-1730-2018822183947_46.wav	0	3.6
wav/iwslt2024_bho-hi-1730-2018822183947_47.wav	0	5.04
wav/iwslt2024_bho-hi-1730-2018822183947_49.wav	0	2.6
wav/iwslt2024_bho-hi-1730-2018822183947_53.wav	0	1.92
wav/iwslt2024_bho-hi-1730-2018822183947_59.wav	0	1.84
wav/iwslt2024_bho-hi-1730-2018822183947_62.wav	0	7.96
wav/iwslt2024_bho-hi-1730-2018822183947_70.wav	0	5.08
wav/iwslt2024_bho-hi-1730-2018822183947_78.wav	0	3.32
wav/iwslt2024_bho-hi-1730-2018822183947_79.wav	0	2.4
wav/iwslt2024_bho-hi-1730-2018822183947_89.wav	0	2.6
wav/iwslt2024_bho-hi-1730-2018822183947_90.wav	0	1.76
wav/iwslt2024_bho-hi-1730-2018822183947_93.wav	0	1.8
wav/iwslt2024_bho-hi-1730-2018822183947_94.wav	0	1.64
wav/iwslt2024_bho-hi-1730-2018822183947_104.wav	0	1.92
wav/iwslt2024_bho-hi-1730-2018822183947_106.wav	0	2.16
wav/iwslt2024_bho-hi-1730-2018822183947_107.wav	0	3.28
wav/iwslt2024_bho-hi-1730-2018822183947_109.wav	0	2.4
wav/iwslt2024_bho-hi-1730-2018822183947_114.wav	0	2.12
wav/iwslt2024_bho-hi-1730-2018822183947_118.wav	0	13.52
wav/iwslt2024_bho-hi-1730-2018822183947_122.wav	0	2.28
wav/iwslt2024_bho-hi-1730-2018822183947_126.wav	0	4.12
wav/iwslt2024_bho-hi-1730-2018822183947_127.wav	0	2.88
wav/iwslt2024_bho-hi-1730-2018822183947_128.wav	0	3.12
wav/iwslt2024_bho-hi-1730-2018822183947_129.wav	0	1.84
wav/iwslt2024_bho-hi-1730-2018822183947_130.wav	0	2.52
wav/iwslt2024_bho-hi-1730-2018822183947_133.wav	0	2.4
wav/iwslt2024_bho-hi-1730-2018822183947_138.wav	0	1.76
wav/iwslt2024_bho-hi-1730-2018822183947_140.wav	0	3.28
wav/iwslt2024_bho-hi-1730-2018822183947_141.wav	0	2.6
wav/iwslt2024_bho-hi-1730-2018822183947_144.wav	0	1.88
wav/iwslt2024_bho-hi-1730-2018822183947_146.wav	0	2.8
wav/iwslt2024_bho-hi-1730-2018822183947_147.wav	0	1.92
wav/iwslt2024_bho-hi-1730-2018822183947_149.wav	0	1.68
wav/iwslt2024_bho-hi-1730-2018822183947_150.wav	0	1.8
wav/iwslt2024_bho-hi-1730-2018822183947_151.wav	0	2.84
wav/iwslt2024_bho-hi-1730-2018822183947_155.wav	0	2.84
wav/iwslt2024_bho-hi-1730-2018825184127_3.wav	0	2.64
wav/iwslt2024_bho-hi-1730-2018825184127_4.wav	0	3.16
wav/iwslt2024_bho-hi-1730-2018825184127_5.wav	0	3.04
wav/iwslt2024_bho-hi-1730-2018825184127_6.wav	0	3.88
wav/iwslt2024_bho-hi-1730-2018825184127_8.wav	0	7.6
wav/iwslt2024_bho-hi-1730-2018825184127_10.wav	0	3.76
wav/iwslt2024_bho-hi-1730-2018825184127_15.wav	0	3.08
wav/iwslt2024_bho-hi-1730-2018825184127_17.wav	0	2.16
wav/iwslt2024_bho-hi-1730-2018825184127_27.wav	0	2.12
wav/iwslt2024_bho-hi-1730-2018825184127_28.wav	0	2
wav/iwslt2024_bho-hi-1730-2018825184127_31.wav	0	2.76
wav/iwslt2024_bho-hi-1730-2018825184127_39.wav	0	1.56
wav/iwslt2024_bho-hi-1730-2018825184127_40.wav	0	6.32
wav/iwslt2024_bho-hi-1730-2018825184127_43.wav	0	3.84
wav/iwslt2024_bho-hi-1730-2018825184127_47.wav	0	2.16
wav/iwslt2024_bho-hi-1730-2018825184127_59.wav	0	4.96
wav/iwslt2024_bho-hi-1730-2018825184127_60.wav	0	2.08
wav/iwslt2024_bho-hi-1730-2018825184127_61.wav	0	5.68
wav/iwslt2024_bho-hi-1730-2018825184127_64.wav	0	1.84
wav/iwslt2024_bho-hi-1730-2018825184127_65.wav	0	4.12
wav/iwslt2024_bho-hi-1730-2018825184127_66.wav	0	3.12
wav/iwslt2024_bho-hi-1730-2018825184127_67.wav	0	3.12
wav/iwslt2024_bho-hi-1730-2018825184127_69.wav	0	4.28
wav/iwslt2024_bho-hi-1730-2018825184127_70.wav	0	7.12
wav/iwslt2024_bho-hi-1730-2018825184127_71.wav	0	11.6
wav/iwslt2024_bho-hi-1730-2018825184127_72.wav	0	3.48
wav/iwslt2024_bho-hi-1730-2018825184127_73.wav	0	7.12
wav/iwslt2024_bho-hi-1730-2018825184127_78.wav	0	2.08
wav/iwslt2024_bho-hi-1730-2018825184127_79.wav	0	5.4
wav/iwslt2024_bho-hi-1730-2018825184127_84.wav	0	1.72
wav/iwslt2024_bho-hi-1730-2018825184127_90.wav	0	2.48
wav/iwslt2024_bho-hi-1730-2018825184127_99.wav	0	2.92
wav/iwslt2024_bho-hi-1730-2018825184127_100.wav	0	2.24
wav/iwslt2024_bho-hi-1730-2018825184127_105.wav	0	1.52
wav/iwslt2024_bho-hi-1730-2018825184127_114.wav	0	2.24
wav/iwslt2024_bho-hi-1730-2018825184127_116.wav	0	3.12
wav/iwslt2024_bho-hi-1730-2018825184127_117.wav	0	2.44
wav/iwslt2024_bho-hi-1730-2018825184127_118.wav	0	2.16
wav/iwslt2024_bho-hi-1730-2018825184127_123.wav	0	4.24
wav/iwslt2024_bho-hi-1730-2018825184127_124.wav	0	3.44
wav/iwslt2024_bho-hi-1730-2018825184127_125.wav	0	3.52
wav/iwslt2024_bho-hi-1730-2018825184127_126.wav	0	4.24
wav/iwslt2024_bho-hi-1730-2018825184127_127.wav	0	1.76
wav/iwslt2024_bho-hi-1730-2018827193331_1.wav	0	1.92
wav/iwslt2024_bho-hi-1730-2018827193331_3.wav	0	1.68
wav/iwslt2024_bho-hi-1730-2018827193331_7.wav	0	2.28
wav/iwslt2024_bho-hi-1730-2018827193331_8.wav	0	2.72
wav/iwslt2024_bho-hi-1730-2018827193331_10.wav	0	1.64
wav/iwslt2024_bho-hi-1730-2018827193331_11.wav	0	1.52
wav/iwslt2024_bho-hi-1730-2018827193331_19.wav	0	2.36
wav/iwslt2024_bho-hi-1730-2018827193331_22.wav	0	2.16
wav/iwslt2024_bho-hi-1730-2018827193331_25.wav	0	2.16
wav/iwslt2024_bho-hi-1730-2018827193331_32.wav	0	2.4
wav/iwslt2024_bho-hi-1730-2018827193331_40.wav	0	2.12
wav/iwslt2024_bho-hi-1730-2018827193331_41.wav	0	2.44
wav/iwslt2024_bho-hi-1730-2018827193331_42.wav	0	2.76
wav/iwslt2024_bho-hi-1730-2018827193331_45.wav	0	1.64
wav/iwslt2024_bho-hi-1730-2018827193331_46.wav	0	2.4
wav/iwslt2024_bho-hi-1730-2018827193331_48.wav	0	1.76
wav/iwslt2024_bho-hi-1730-2018827193331_52.wav	0	4.24
wav/iwslt2024_bho-hi-1730-2018827193331_53.wav	0	8.88
wav/iwslt2024_bho-hi-1730-2018827193331_54.wav	0	3.68
wav/iwslt2024_bho-hi-1730-2018827193331_55.wav	0	1.76
wav/iwslt2024_bho-hi-1730-2018827193331_57.wav	0	6.8
wav/iwslt2024_bho-hi-1730-2018827193331_62.wav	0	1.8
wav/iwslt2024_bho-hi-1730-2018827193331_70.wav	0	2.08
wav/iwslt2024_bho-hi-1730-2018827193331_80.wav	0	2.24
wav/iwslt2024_bho-hi-1730-2018827193331_81.wav	0	2.16
wav/iwslt2024_bho-hi-1730-2018827193331_85.wav	0	1.52
wav/iwslt2024_bho-hi-1730-2018827193331_86.wav	0	3.4
wav/iwslt2024_bho-hi-1730-2018827193331_87.wav	0	4.48
wav/iwslt2024_bho-hi-1730-2018827193331_90.wav	0	1.96
wav/iwslt2024_bho-hi-1730-2018827193331_92.wav	0	3.28
wav/iwslt2024_bho-hi-1730-2018827193331_95.wav	0	2
wav/iwslt2024_bho-hi-1730-2018827193331_96.wav	0	1.8
wav/iwslt2024_bho-hi-1730-2018827193331_100.wav	0	1.64
wav/iwslt2024_bho-hi-1730-2018827193331_101.wav	0	2.24
wav/iwslt2024_bho-hi-1730-2018827193331_104.wav	0	1.56
wav/iwslt2024_bho-hi-1730-2018827193331_109.wav	0	1.64
wav/iwslt2024_bho-hi-1730-2018827193331_110.wav	0	2.24
wav/iwslt2024_bho-hi-1730-2018827193331_113.wav	0	1.68
wav/iwslt2024_bho-hi-1730-2018827193331_117.wav	0	2.64
wav/iwslt2024_bho-hi-1730-2018827193331_119.wav	0	2.8
wav/iwslt2024_bho-hi-1730-2018827193331_120.wav	0	2.44
wav/iwslt2024_bho-hi-1730-2018827193331_122.wav	0	6.64
wav/iwslt2024_bho-hi-1730-2018827193331_123.wav	0	1.6
wav/iwslt2024_bho-hi-1730-2018829191257_1.wav	0	1.92
wav/iwslt2024_bho-hi-1730-2018829191257_2.wav	0	3.72
wav/iwslt2024_bho-hi-1730-2018829191257_3.wav	0	1.96
wav/iwslt2024_bho-hi-1730-2018829191257_5.wav	0	1.6
wav/iwslt2024_bho-hi-1730-2018829191257_8.wav	0	1.52
wav/iwslt2024_bho-hi-1730-2018829191257_11.wav	0	2.76
wav/iwslt2024_bho-hi-1730-2018829191257_12.wav	0	3.16
wav/iwslt2024_bho-hi-1730-2018829191257_13.wav	0	1.72
wav/iwslt2024_bho-hi-1730-2018829191257_14.wav	0	4.24
wav/iwslt2024_bho-hi-1730-2018829191257_24.wav	0	13.52
wav/iwslt2024_bho-hi-1730-2018829191257_28.wav	0	4.08
wav/iwslt2024_bho-hi-1730-2018829191257_29.wav	0	1.84
wav/iwslt2024_bho-hi-1730-2018829191257_32.wav	0	4.8
wav/iwslt2024_bho-hi-1730-2018829191257_36.wav	0	3.76
wav/iwslt2024_bho-hi-1730-2018829191257_44.wav	0	2.64
wav/iwslt2024_bho-hi-1730-2018829191257_45.wav	0	14.68
wav/iwslt2024_bho-hi-1730-2018829191257_46.wav	0	2.76
wav/iwslt2024_bho-hi-1730-2018829191257_47.wav	0	3.04
wav/iwslt2024_bho-hi-1730-2018829191257_48.wav	0	2.76
wav/iwslt2024_bho-hi-1730-2018829191257_49.wav	0	11.52
wav/iwslt2024_bho-hi-1730-2018829191257_50.wav	0	1.84
wav/iwslt2024_bho-hi-1730-2018829191257_51.wav	0	7.48
wav/iwslt2024_bho-hi-1730-2018829191257_52.wav	0	1.76
wav/iwslt2024_bho-hi-1730-2018829191257_53.wav	0	3.4
wav/iwslt2024_bho-hi-1730-2018829191257_55.wav	0	2.08
wav/iwslt2024_bho-hi-1730-2018829191257_57.wav	0	2.36
wav/iwslt2024_bho-hi-1730-2018829191257_58.wav	0	4
wav/iwslt2024_bho-hi-1730-2018829191257_60.wav	0	1.6
wav/iwslt2024_bho-hi-1730-2018829191257_64.wav	0	2.84
wav/iwslt2024_bho-hi-1730-2018829191257_68.wav	0	2.12
wav/iwslt2024_bho-hi-1730-2018829191257_70.wav	0	2.16
wav/iwslt2024_bho-hi-1730-2018829191257_78.wav	0	2
wav/iwslt2024_bho-hi-1730-2018829191257_79.wav	0	1.72
wav/iwslt2024_bho-hi-1730-2018829191257_88.wav	0	1.64
wav/iwslt2024_bho-hi-1730-2018829191257_90.wav	0	2.28
wav/iwslt2024_bho-hi-1730-2018829191257_91.wav	0	1.64
wav/iwslt2024_bho-hi-1730-2018829191257_93.wav	0	2.88
wav/iwslt2024_bho-hi-1730-2018829191257_96.wav	0	2.36
wav/iwslt2024_bho-hi-1730-2018829191257_97.wav	0	4.08
wav/iwslt2024_bho-hi-1730-2018829191257_98.wav	0	3.72
wav/iwslt2024_bho-hi-1730-2018829191257_101.wav	0	8.32
wav/iwslt2024_bho-hi-1730-2018829191257_105.wav	0	1.96
wav/iwslt2024_bho-hi-1730-2018829191257_106.wav	0	2.28
wav/iwslt2024_bho-hi-1730-2018829191257_107.wav	0	2.44
wav/iwslt2024_bho-hi-1730-2018829191257_116.wav	0	1.52
wav/iwslt2024_bho-hi-1730-2018829191257_117.wav	0	1.96
wav/iwslt2024_bho-hi-1730-2018829191257_119.wav	0	2.8
wav/iwslt2024_bho-hi-1730-2018912185551_1.wav	0	3.24
wav/iwslt2024_bho-hi-1730-2018912185551_2.wav	0	5.08
wav/iwslt2024_bho-hi-1730-2018912185551_4.wav	0	2.8
wav/iwslt2024_bho-hi-1730-2018912185551_8.wav	0	2.32
wav/iwslt2024_bho-hi-1730-2018912185551_10.wav	0	3.52
wav/iwslt2024_bho-hi-1730-2018912185551_11.wav	0	2.04
wav/iwslt2024_bho-hi-1730-2018912185551_12.wav	0	3.92
wav/iwslt2024_bho-hi-1730-2018912185551_13.wav	0	3.16
wav/iwslt2024_bho-hi-1730-2018912185551_16.wav	0	2.04
wav/iwslt2024_bho-hi-1730-2018912185551_17.wav	0	2.84
wav/iwslt2024_bho-hi-1730-2018912185551_18.wav	0	1.56
wav/iwslt2024_bho-hi-1730-2018912185551_19.wav	0	2.4
wav/iwslt2024_bho-hi-1730-2018912185551_20.wav	0	6.52
wav/iwslt2024_bho-hi-1730-2018912185551_21.wav	0	1.76
wav/iwslt2024_bho-hi-1730-2018912185551_24.wav	0	3.64
wav/iwslt2024_bho-hi-1730-2018912185551_28.wav	0	2.24
wav/iwslt2024_bho-hi-1730-2018912185551_30.wav	0	2.92
wav/iwslt2024_bho-hi-1730-2018912185551_32.wav	0	1.68
wav/iwslt2024_bho-hi-1730-2018912185551_39.wav	0	3.2
wav/iwslt2024_bho-hi-1730-2018912185551_41.wav	0	2.28
wav/iwslt2024_bho-hi-1730-2018912185551_42.wav	0	5.92
wav/iwslt2024_bho-hi-1730-2018912185551_43.wav	0	2.32
wav/iwslt2024_bho-hi-1730-2018912185551_45.wav	0	2.8
wav/iwslt2024_bho-hi-1730-2018912185551_46.wav	0	2.88
wav/iwslt2024_bho-hi-1730-2018912185551_47.wav	0	1.56
wav/iwslt2024_bho-hi-1730-2018912185551_48.wav	0	2.48
wav/iwslt2024_bho-hi-1730-2018912185551_49.wav	0	3.6
wav/iwslt2024_bho-hi-1730-2018912185551_51.wav	0	2.28
wav/iwslt2024_bho-hi-1730-2018912185551_55.wav	0	3.56
wav/iwslt2024_bho-hi-1730-2018912185551_61.wav	0	1.64
wav/iwslt2024_bho-hi-1730-2018912185551_64.wav	0	10.88
wav/iwslt2024_bho-hi-1730-2018912185551_65.wav	0	2.96
wav/iwslt2024_bho-hi-1730-2018912185551_66.wav	0	8.04
wav/iwslt2024_bho-hi-1730-2018912185551_69.wav	0	4.28
wav/iwslt2024_bho-hi-1730-2018912185551_72.wav	0	2
wav/iwslt2024_bho-hi-1730-2018912185551_79.wav	0	1.52
wav/iwslt2024_bho-hi-1730-2018912185551_83.wav	0	2.96
wav/iwslt2024_bho-hi-1730-2018912185551_86.wav	0	3.8
wav/iwslt2024_bho-hi-1730-2018912185551_96.wav	0	14.76
wav/iwslt2024_bho-hi-1730-2018912185551_97.wav	0	1.76
wav/iwslt2024_bho-hi-1730-2018912185551_100.wav	0	5.28
wav/iwslt2024_bho-hi-1730-2018912185551_101.wav	0	4.48
wav/iwslt2024_bho-hi-1730-2018912185551_112.wav	0	2.6
wav/iwslt2024_bho-hi-1730-2018912185551_113.wav	0	9.08
wav/iwslt2024_bho-hi-1730-2018912185551_127.wav	0	2.52
wav/iwslt2024_bho-hi-1730-2018916191244_1.wav	0	8.24
wav/iwslt2024_bho-hi-1730-2018916191244_2.wav	0	7.84
wav/iwslt2024_bho-hi-1730-2018916191244_3.wav	0	8.48
wav/iwslt2024_bho-hi-1730-2018916191244_4.wav	0	9.28
wav/iwslt2024_bho-hi-1730-2018916191244_5.wav	0	13.32
wav/iwslt2024_bho-hi-1730-2018916191244_6.wav	0	7.04
wav/iwslt2024_bho-hi-1730-2018916191244_7.wav	0	13.52
wav/iwslt2024_bho-hi-1730-2018916191244_8.wav	0	7.68
wav/iwslt2024_bho-hi-1730-2018916191244_9.wav	0	7.68
wav/iwslt2024_bho-hi-1730-2018916191244_10.wav	0	3.96
wav/iwslt2024_bho-hi-1730-2018916191244_11.wav	0	14.76
wav/iwslt2024_bho-hi-1730-2018916191244_13.wav	0	7.96
wav/iwslt2024_bho-hi-1730-2018916191244_14.wav	0	7.08
wav/iwslt2024_bho-hi-1730-2018916191244_16.wav	0	6
wav/iwslt2024_bho-hi-1730-2018916191244_17.wav	0	8.36
wav/iwslt2024_bho-hi-1730-2018916191244_19.wav	0	6.92
wav/iwslt2024_bho-hi-1730-2018916191244_20.wav	0	3.6
wav/iwslt2024_bho-hi-1730-2018916191244_21.wav	0	6.52
wav/iwslt2024_bho-hi-1730-2018916191244_22.wav	0	13.48
wav/iwslt2024_bho-hi-1730-2018916191244_23.wav	0	4.76
wav/iwslt2024_bho-hi-1730-2018916191244_24.wav	0	6.04
wav/iwslt2024_bho-hi-1730-2018916191244_25.wav	0	6.84
wav/iwslt2024_bho-hi-1730-2018916191244_26.wav	0	9.16
wav/iwslt2024_bho-hi-1730-2018916191244_27.wav	0	11.08
wav/iwslt2024_bho-hi-1730-2018917191722_1.wav	0	5.88
wav/iwslt2024_bho-hi-1730-2018917191722_2.wav	0	8.72
wav/iwslt2024_bho-hi-1730-2018917191722_3.wav	0	8.44
wav/iwslt2024_bho-hi-1730-2018917191722_4.wav	0	7.96
wav/iwslt2024_bho-hi-1730-2018917191722_5.wav	0	8.08
wav/iwslt2024_bho-hi-1730-2018917191722_6.wav	0	8.08
wav/iwslt2024_bho-hi-1730-2018917191722_7.wav	0	9.08
wav/iwslt2024_bho-hi-1730-2018917191722_8.wav	0	9.88
wav/iwslt2024_bho-hi-1730-2018917191722_9.wav	0	6.16
wav/iwslt2024_bho-hi-1730-2018917191722_10.wav	0	7.92
wav/iwslt2024_bho-hi-1730-2018917191722_11.wav	0	7.36
wav/iwslt2024_bho-hi-1730-2018917191722_12.wav	0	8.68
wav/iwslt2024_bho-hi-1730-2018917191722_13.wav	0	9.52
wav/iwslt2024_bho-hi-1730-2018917191722_14.wav	0	6.72
wav/iwslt2024_bho-hi-1730-2018917191722_15.wav	0	5.72
wav/iwslt2024_bho-hi-1730-2018917191722_16.wav	0	5.4
wav/iwslt2024_bho-hi-1730-2018917191722_17.wav	0	3.56
wav/iwslt2024_bho-hi-1730-2018917191722_18.wav	0	9.04
wav/iwslt2024_bho-hi-1730-2018917191722_19.wav	0	7.36
wav/iwslt2024_bho-hi-1730-2018917191722_20.wav	0	4.52
wav/iwslt2024_bho-hi-1730-2018917191722_21.wav	0	13.44
wav/iwslt2024_bho-hi-1730-2018917191722_22.wav	0	7.88
wav/iwslt2024_bho-hi-1730-2018917191722_23.wav	0	7.8
wav/iwslt2024_bho-hi-1730-2018917191722_24.wav	0	9.32
wav/iwslt2024_bho-hi-1730-2018917191722_26.wav	0	5.2
wav/iwslt2024_bho-hi-1730-2018917191722_27.wav	0	6.6
wav/iwslt2024_bho-hi-1730-2018917191722_28.wav	0	3.2
wav/iwslt2024_bho-hi-1730-2018917191722_29.wav	0	5.4
wav/iwslt2024_bho-hi-1730-2018917191722_30.wav	0	6.96
wav/iwslt2024_bho-hi-1730-2018917191722_32.wav	0	11.88
wav/iwslt2024_bho-hi-1730-2018922184610_1.wav	0	7.64
wav/iwslt2024_bho-hi-1730-2018922184610_2.wav	0	3.16
wav/iwslt2024_bho-hi-1730-2018922184610_3.wav	0	10.64
wav/iwslt2024_bho-hi-1730-2018922184610_5.wav	0	3.76
wav/iwslt2024_bho-hi-1730-2018922184610_6.wav	0	4.96
wav/iwslt2024_bho-hi-1730-2018922184610_7.wav	0	10
wav/iwslt2024_bho-hi-1730-2018922184610_8.wav	0	7.44
wav/iwslt2024_bho-hi-1730-2018922184610_9.wav	0	3.68
wav/iwslt2024_bho-hi-1730-2018922184610_10.wav	0	9.6
wav/iwslt2024_bho-hi-1730-2018922184610_13.wav	0	7.24
wav/iwslt2024_bho-hi-1730-2018922184610_14.wav	0	8.68
wav/iwslt2024_bho-hi-1730-2018922184610_15.wav	0	8.64
wav/iwslt2024_bho-hi-1730-2018922184610_16.wav	0	14.6
wav/iwslt2024_bho-hi-1730-2018922184610_21.wav	0	2.44
wav/iwslt2024_bho-hi-1730-2018922184610_23.wav	0	8.16
wav/iwslt2024_bho-hi-1730-2018922184610_25.wav	0	9.44
wav/iwslt2024_bho-hi-1730-2018922184610_26.wav	0	6.92
wav/iwslt2024_bho-hi-1730-2018923183122_1.wav	0	9.84
wav/iwslt2024_bho-hi-1730-2018923183122_3.wav	0	11.08
wav/iwslt2024_bho-hi-1730-2018923183122_4.wav	0	7.28
wav/iwslt2024_bho-hi-1730-2018923183122_5.wav	0	10.52
wav/iwslt2024_bho-hi-1730-2018923183122_6.wav	0	12.24
wav/iwslt2024_bho-hi-1730-2018923183122_7.wav	0	12.8
wav/iwslt2024_bho-hi-1730-2018923183122_8.wav	0	7.08
wav/iwslt2024_bho-hi-1730-2018923183122_9.wav	0	6.64
wav/iwslt2024_bho-hi-1730-2018923183122_10.wav	0	8.2
wav/iwslt2024_bho-hi-1730-2018923183122_11.wav	0	11.64
wav/iwslt2024_bho-hi-1730-2018923183122_12.wav	0	5.56
wav/iwslt2024_bho-hi-1730-2018923183122_13.wav	0	6.64
wav/iwslt2024_bho-hi-1730-2018923183122_14.wav	0	5
wav/iwslt2024_bho-hi-1730-2018923183122_15.wav	0	6.4
wav/iwslt2024_bho-hi-1730-2018923183122_16.wav	0	4.04
wav/iwslt2024_bho-hi-1730-2018923183122_17.wav	0	6.32
wav/iwslt2024_bho-hi-1730-2018923183122_18.wav	0	6.32
wav/iwslt2024_bho-hi-1730-2018923183122_19.wav	0	14.72
wav/iwslt2024_bho-hi-1730-2018923183122_20.wav	0	7.56
wav/iwslt2024_bho-hi-1730-2018923183122_21.wav	0	9.08
wav/iwslt2024_bho-hi-1730-2018923183122_22.wav	0	8.36
wav/iwslt2024_bho-hi-1730-2018923183122_23.wav	0	5
wav/iwslt2024_bho-hi-1730-2018923183122_24.wav	0	8.48
wav/iwslt2024_bho-hi-1730-2018923183122_26.wav	0	5.4
wav/iwslt2024_bho-hi-1730-2018923183122_27.wav	0	5.4
wav/iwslt2024_bho-hi-1730-2018923183122_28.wav	0	3.92
wav/iwslt2024_bho-hi-1730-2018923183122_29.wav	0	6.4
wav/iwslt2024_bho-hi-1730-2018923183122_30.wav	0	11.64
wav/iwslt2024_bho-hi-1730-2018923183122_31.wav	0	4
wav/iwslt2024_bho-hi-1730-2018923183122_32.wav	0	10.24
wav/iwslt2024_bho-hi-1730-2018923183122_33.wav	0	5.64
wav/iwslt2024_bho-hi-1730-2018923183122_34.wav	0	5.4
wav/iwslt2024_bho-hi-1730-2018923183122_35.wav	0	3.44
wav/iwslt2024_bho-hi-1730-2018928194349_2.wav	0	4.44
wav/iwslt2024_bho-hi-1730-2018928194349_3.wav	0	3.96
wav/iwslt2024_bho-hi-1730-2018928194349_4.wav	0	6.68
wav/iwslt2024_bho-hi-1730-2018928194349_5.wav	0	6.32
wav/iwslt2024_bho-hi-1730-2018928194349_6.wav	0	6.28
wav/iwslt2024_bho-hi-1730-2018928194349_7.wav	0	9.16
wav/iwslt2024_bho-hi-1730-2018928194349_8.wav	0	10.4
wav/iwslt2024_bho-hi-1730-2018928194349_9.wav	0	11.72
wav/iwslt2024_bho-hi-1730-2018928194349_10.wav	0	8.76
wav/iwslt2024_bho-hi-1730-2018928194349_12.wav	0	6.6
wav/iwslt2024_bho-hi-1730-2018928194349_13.wav	0	5.84
wav/iwslt2024_bho-hi-1730-2018928194349_15.wav	0	10.96
wav/iwslt2024_bho-hi-1730-2018928194349_16.wav	0	6.52
wav/iwslt2024_bho-hi-1730-2018928194349_17.wav	0	7.36
wav/iwslt2024_bho-hi-1730-2018928194349_19.wav	0	11.28
wav/iwslt2024_bho-hi-1730-2018928194349_20.wav	0	5.64
wav/iwslt2024_bho-hi-1730-2018928194349_21.wav	0	6.04
wav/iwslt2024_bho-hi-1730-2018928194349_22.wav	0	2.12
wav/iwslt2024_bho-hi-1730-2018928194349_23.wav	0	4.36
wav/iwslt2024_bho-hi-1730-2018928194349_24.wav	0	3.68
wav/iwslt2024_bho-hi-1730-2018928194349_25.wav	0	8.04
wav/iwslt2024_bho-hi-1730-2018928194349_26.wav	0	4.2
wav/iwslt2024_bho-hi-1730-2018928194349_27.wav	0	4.16
wav/iwslt2024_bho-hi-1730-2018928194349_28.wav	0	6
wav/iwslt2024_bho-hi-1730-2018928194349_29.wav	0	10.96
wav/iwslt2024_bho-hi-1730-2018930183217_1.wav	0	10.16
wav/iwslt2024_bho-hi-1730-2018930183217_2.wav	0	11.92
wav/iwslt2024_bho-hi-1730-2018930183217_3.wav	0	3.44
wav/iwslt2024_bho-hi-1730-2018930183217_4.wav	0	2.84
wav/iwslt2024_bho-hi-1730-2018930183217_5.wav	0	13.8
wav/iwslt2024_bho-hi-1730-2018930183217_6.wav	0	4.72
wav/iwslt2024_bho-hi-1730-2018930183217_7.wav	0	8.92
wav/iwslt2024_bho-hi-1730-2018930183217_8.wav	0	8.56
wav/iwslt2024_bho-hi-1730-2018930183217_9.wav	0	6.28
wav/iwslt2024_bho-hi-1730-2018930183217_10.wav	0	9.76
wav/iwslt2024_bho-hi-1730-2018930183217_12.wav	0	4.64
wav/iwslt2024_bho-hi-1730-2018930183217_13.wav	0	7
wav/iwslt2024_bho-hi-1730-2018930183217_15.wav	0	10.44
wav/iwslt2024_bho-hi-1730-2018930183217_16.wav	0	9.08
wav/iwslt2024_bho-hi-1730-2018930183217_17.wav	0	9.72
wav/iwslt2024_bho-hi-1730-2018930183217_18.wav	0	5.6
wav/iwslt2024_bho-hi-1730-2018930183217_19.wav	0	9.72
wav/iwslt2024_bho-hi-1730-2018930183217_20.wav	0	4.88
wav/iwslt2024_bho-hi-1730-2018930183217_22.wav	0	4.24
wav/iwslt2024_bho-hi-1730-2018930183217_23.wav	0	4.84
wav/iwslt2024_bho-hi-1730-2018930183217_24.wav	0	12.04
wav/iwslt2024_bho-hi-1730-2018930183217_25.wav	0	8.76
wav/iwslt2024_bho-hi-1730-2018930183217_26.wav	0	10.68
wav/iwslt2024_bho-hi-1730-2018930183217_27.wav	0	5.88
wav/iwslt2024_bho-hi-1730-2018930183217_28.wav	0	3.64
wav/iwslt2024_bho-hi-1730-2018930183217_29.wav	0	10.2
wav/iwslt2024_bho-hi-1730-2018930183217_30.wav	0	6.8
wav/iwslt2024_bho-hi-1730-2018930183217_31.wav	0	7.56
wav/iwslt2024_bho-hi-1730-2018930183217_32.wav	0	4.04
wav/iwslt2024_bho-hi-1730-2018930183217_33.wav	0	9.68
wav/iwslt2024_bho-hi-1730-2019101019552_1.wav	0	11.84
wav/iwslt2024_bho-hi-1730-2019101019552_2.wav	0	7.2
wav/iwslt2024_bho-hi-1730-2019101019552_3.wav	0	8.04
wav/iwslt2024_bho-hi-1730-2019101019552_4.wav	0	6.32
wav/iwslt2024_bho-hi-1730-2019101019552_5.wav	0	8
wav/iwslt2024_bho-hi-1730-2019101019552_7.wav	0	7.28
wav/iwslt2024_bho-hi-1730-2019101019552_8.wav	0	8.32
wav/iwslt2024_bho-hi-1730-2019101019552_9.wav	0	2.8
wav/iwslt2024_bho-hi-1730-2019101019552_10.wav	0	7.08
wav/iwslt2024_bho-hi-1730-2019101019552_11.wav	0	4.36
wav/iwslt2024_bho-hi-1730-2019101019552_12.wav	0	7.12
wav/iwslt2024_bho-hi-1730-2019101019552_13.wav	0	8.72
wav/iwslt2024_bho-hi-1730-2019101019552_14.wav	0	10.24
wav/iwslt2024_bho-hi-1730-2019101019552_15.wav	0	5.96
wav/iwslt2024_bho-hi-1730-2019101019552_16.wav	0	13
wav/iwslt2024_bho-hi-1730-2019101019552_17.wav	0	11.36
wav/iwslt2024_bho-hi-1730-2019101019552_18.wav	0	12.92
wav/iwslt2024_bho-hi-1730-2019101019552_19.wav	0	9.4
wav/iwslt2024_bho-hi-1730-2019101019552_20.wav	0	5.24
wav/iwslt2024_bho-hi-1730-2019101019552_21.wav	0	8.04
wav/iwslt2024_bho-hi-1730-2019101019552_22.wav	0	8.56
wav/iwslt2024_bho-hi-1730-2019101019552_23.wav	0	13.88
wav/iwslt2024_bho-hi-1730-2019101019552_24.wav	0	4.84
wav/iwslt2024_bho-hi-1730-2019101019552_25.wav	0	9.68
wav/iwslt2024_bho-hi-1730-2019101019552_26.wav	0	7.4
wav/iwslt2024_bho-hi-1730-2019101019552_27.wav	0	5.96
wav/iwslt2024_bho-hi-1730-2019101019552_28.wav	0	2.52
wav/iwslt2024_bho-hi-1730-2019101019552_29.wav	0	5
wav/iwslt2024_bho-hi-1730-2019101019552_30.wav	0	4.6
wav/iwslt2024_bho-hi-1730-2019101019552_31.wav	0	6.52
wav/iwslt2024_bho-hi-1730-2019101019552_32.wav	0	4.28
wav/iwslt2024_bho-hi-1730-2019101019552_33.wav	0	4.36
wav/iwslt2024_bho-hi-1730-2019101019552_34.wav	0	11.32
wav/iwslt2024_bho-hi-1730-2019101019552_35.wav	0	1.8
wav/iwslt2024_bho-hi-1730-2019101019552_36.wav	0	7.24
wav/iwslt2024_bho-hi-1730-2019101019552_37.wav	0	5.52
wav/iwslt2024_bho-hi-1730-2019101019552_38.wav	0	13.44
wav/iwslt2024_bho-hi-1730-2019101192222_1.wav	0	4.84
wav/iwslt2024_bho-hi-1730-2019101192222_2.wav	0	5.52
wav/iwslt2024_bho-hi-1730-2019101192222_3.wav	0	9.52
wav/iwslt2024_bho-hi-1730-2019101192222_4.wav	0	6.4
wav/iwslt2024_bho-hi-1730-2019101192222_5.wav	0	9.48
wav/iwslt2024_bho-hi-1730-2019101192222_6.wav	0	5.68
wav/iwslt2024_bho-hi-1730-2019101192222_7.wav	0	6.72
wav/iwslt2024_bho-hi-1730-2019101192222_8.wav	0	3.2
wav/iwslt2024_bho-hi-1730-2019101192222_10.wav	0	12.92
wav/iwslt2024_bho-hi-1730-2019101192222_11.wav	0	12.2
wav/iwslt2024_bho-hi-1730-2019101192222_13.wav	0	3.32
wav/iwslt2024_bho-hi-1730-2019101192222_14.wav	0	3.12
wav/iwslt2024_bho-hi-1730-2019101192222_15.wav	0	6.44
wav/iwslt2024_bho-hi-1730-2019101192222_16.wav	0	5
wav/iwslt2024_bho-hi-1730-2019101192222_17.wav	0	4.32
wav/iwslt2024_bho-hi-1730-2019101192222_18.wav	0	6.36
wav/iwslt2024_bho-hi-1730-2019101192222_19.wav	0	5.12
wav/iwslt2024_bho-hi-1730-2019101192222_20.wav	0	8.36
wav/iwslt2024_bho-hi-1730-2019101192222_21.wav	0	4
wav/iwslt2024_bho-hi-1730-2019101192222_22.wav	0	6.24
wav/iwslt2024_bho-hi-1730-2019101192222_23.wav	0	9.48
wav/iwslt2024_bho-hi-1730-2019101192222_24.wav	0	10.8
wav/iwslt2024_bho-hi-1730-2019101192222_25.wav	0	8.52
wav/iwslt2024_bho-hi-1730-2019101192222_26.wav	0	11.56
wav/iwslt2024_bho-hi-1730-2019101192222_27.wav	0	9.6
wav/iwslt2024_bho-hi-1730-2019101192222_28.wav	0	6.52
wav/iwslt2024_bho-hi-1730-2019101192222_29.wav	0	9.8
wav/iwslt2024_bho-hi-1730-2019101192222_30.wav	0	11.48
wav/iwslt2024_bho-hi-1730-2019101192222_31.wav	0	14.04
wav/iwslt2024_bho-hi-1730-2019101192222_32.wav	0	7.04
wav/iwslt2024_bho-hi-1730-2019101192222_34.wav	0	6.2
wav/iwslt2024_bho-hi-1730-2019101319246_1.wav	0	7.64
wav/iwslt2024_bho-hi-1730-2019101319246_2.wav	0	6.6
wav/iwslt2024_bho-hi-1730-2019101319246_4.wav	0	7.28
wav/iwslt2024_bho-hi-1730-2019101319246_5.wav	0	7.08
wav/iwslt2024_bho-hi-1730-2019101319246_6.wav	0	5.64
wav/iwslt2024_bho-hi-1730-2019101319246_8.wav	0	4.2
wav/iwslt2024_bho-hi-1730-2019101319246_9.wav	0	6.76
wav/iwslt2024_bho-hi-1730-2019101319246_10.wav	0	4.32
wav/iwslt2024_bho-hi-1730-2019101319246_11.wav	0	6.16
wav/iwslt2024_bho-hi-1730-2019101319246_12.wav	0	5.36
wav/iwslt2024_bho-hi-1730-2019101319246_13.wav	0	9.2
wav/iwslt2024_bho-hi-1730-2019101319246_14.wav	0	7.88
wav/iwslt2024_bho-hi-1730-2019101319246_15.wav	0	11.08
wav/iwslt2024_bho-hi-1730-2019101319246_16.wav	0	12.76
wav/iwslt2024_bho-hi-1730-2019101319246_17.wav	0	12.24
wav/iwslt2024_bho-hi-1730-2019101319246_18.wav	0	10.04
wav/iwslt2024_bho-hi-1730-2019101319246_19.wav	0	12.72
wav/iwslt2024_bho-hi-1730-2019101319246_20.wav	0	5.96
wav/iwslt2024_bho-hi-1730-2019101319246_22.wav	0	3.04
wav/iwslt2024_bho-hi-1730-2019101319246_23.wav	0	10.56
wav/iwslt2024_bho-hi-1730-2019101319246_24.wav	0	8.4
wav/iwslt2024_bho-hi-1730-2019101319246_25.wav	0	6.88
wav/iwslt2024_bho-hi-1730-2019101319246_29.wav	0	3.8
wav/iwslt2024_bho-hi-1730-2019101319246_30.wav	0	12.44
wav/iwslt2024_bho-hi-1730-2019101319246_31.wav	0	7.4
wav/iwslt2024_bho-hi-1730-2019101319246_32.wav	0	3.96
wav/iwslt2024_bho-hi-1730-2019101319246_33.wav	0	5.84
wav/iwslt2024_bho-hi-1730-2019101319246_34.wav	0	5.28
wav/iwslt2024_bho-hi-1730-2019101319246_35.wav	0	7.84
wav/iwslt2024_bho-hi-1730-2019101319246_36.wav	0	4.68
wav/iwslt2024_bho-hi-1730-2019101319246_38.wav	0	8.28
wav/iwslt2024_bho-hi-1730-2019102182959_1.wav	0	5.32
wav/iwslt2024_bho-hi-1730-2019102182959_2.wav	0	11.48
wav/iwslt2024_bho-hi-1730-2019102182959_4.wav	0	9.12
wav/iwslt2024_bho-hi-1730-2019102182959_5.wav	0	4.04
wav/iwslt2024_bho-hi-1730-2019102182959_6.wav	0	7.76
wav/iwslt2024_bho-hi-1730-2019102182959_7.wav	0	3.92
wav/iwslt2024_bho-hi-1730-2019102182959_8.wav	0	4.72
wav/iwslt2024_bho-hi-1730-2019102182959_9.wav	0	6.72
wav/iwslt2024_bho-hi-1730-2019102182959_12.wav	0	3.52
wav/iwslt2024_bho-hi-1730-2019102182959_13.wav	0	8.24
wav/iwslt2024_bho-hi-1730-2019102182959_15.wav	0	8.04
wav/iwslt2024_bho-hi-1730-2019102182959_16.wav	0	7.16
wav/iwslt2024_bho-hi-1730-2019102182959_17.wav	0	7.68
wav/iwslt2024_bho-hi-1730-2019102182959_18.wav	0	3.04
wav/iwslt2024_bho-hi-1730-2019102182959_19.wav	0	2.76
wav/iwslt2024_bho-hi-1730-2019102182959_20.wav	0	7.88
wav/iwslt2024_bho-hi-1730-2019102182959_21.wav	0	6.92
wav/iwslt2024_bho-hi-1730-2019102182959_22.wav	0	10.56
wav/iwslt2024_bho-hi-1730-2019102182959_23.wav	0	14.84
wav/iwslt2024_bho-hi-1730-2019102182959_24.wav	0	13.2
wav/iwslt2024_bho-hi-1730-2019102182959_25.wav	0	7.92
wav/iwslt2024_bho-hi-1730-2019102182959_27.wav	0	5.48
wav/iwslt2024_bho-hi-1730-2019102182959_28.wav	0	8.84
wav/iwslt2024_bho-hi-1730-2019102182959_29.wav	0	3.48
wav/iwslt2024_bho-hi-1730-2019102182959_30.wav	0	8.08
wav/iwslt2024_bho-hi-1730-2019102182959_31.wav	0	5.44
wav/iwslt2024_bho-hi-1730-2019102182959_32.wav	0	2.96
wav/iwslt2024_bho-hi-1730-2019102182959_33.wav	0	6.48
wav/iwslt2024_bho-hi-1730-2019102419563_1.wav	0	8
wav/iwslt2024_bho-hi-1730-2019102419563_2.wav	0	2.92
wav/iwslt2024_bho-hi-1730-2019102419563_3.wav	0	9.44
wav/iwslt2024_bho-hi-1730-2019102419563_4.wav	0	6.72
wav/iwslt2024_bho-hi-1730-2019102419563_5.wav	0	5.92
wav/iwslt2024_bho-hi-1730-2019102419563_6.wav	0	4.32
wav/iwslt2024_bho-hi-1730-2019102419563_7.wav	0	8.24
wav/iwslt2024_bho-hi-1730-2019102419563_8.wav	0	7.64
wav/iwslt2024_bho-hi-1730-2019102419563_9.wav	0	5.68
wav/iwslt2024_bho-hi-1730-2019102419563_10.wav	0	8.2
wav/iwslt2024_bho-hi-1730-2019102419563_11.wav	0	7
wav/iwslt2024_bho-hi-1730-2019102419563_12.wav	0	5.96
wav/iwslt2024_bho-hi-1730-2019102419563_13.wav	0	3.24
wav/iwslt2024_bho-hi-1730-2019102419563_14.wav	0	8.48
wav/iwslt2024_bho-hi-1730-2019102419563_15.wav	0	10.4
wav/iwslt2024_bho-hi-1730-2019102419563_16.wav	0	7.32
wav/iwslt2024_bho-hi-1730-2019102419563_17.wav	0	4.6
wav/iwslt2024_bho-hi-1730-2019102419563_18.wav	0	8.72
wav/iwslt2024_bho-hi-1730-2019102419563_19.wav	0	3.32
wav/iwslt2024_bho-hi-1730-2019102419563_20.wav	0	8
wav/iwslt2024_bho-hi-1730-2019102419563_21.wav	0	4.56
wav/iwslt2024_bho-hi-1730-2019102419563_22.wav	0	3.28
wav/iwslt2024_bho-hi-1730-2019102419563_23.wav	0	5.92
wav/iwslt2024_bho-hi-1730-2019102419563_24.wav	0	7.92
wav/iwslt2024_bho-hi-1730-2019102419563_25.wav	0	7.52
wav/iwslt2024_bho-hi-1730-2019102419563_26.wav	0	9.6
wav/iwslt2024_bho-hi-1730-2019102419563_27.wav	0	7.52
wav/iwslt2024_bho-hi-1730-2019102419563_28.wav	0	2.68
wav/iwslt2024_bho-hi-1730-2019102419563_29.wav	0	9.84
wav/iwslt2024_bho-hi-1730-2019102419563_30.wav	0	8.16
wav/iwslt2024_bho-hi-1730-2019102419563_31.wav	0	2.8
wav/iwslt2024_bho-hi-1730-2019102419563_32.wav	0	5.64
wav/iwslt2024_bho-hi-1730-2019102419563_33.wav	0	7.48
wav/iwslt2024_bho-hi-1730-2019102419563_34.wav	0	5.2
wav/iwslt2024_bho-hi-1730-2019102419563_35.wav	0	9.96
wav/iwslt2024_bho-hi-1730-2019102419563_36.wav	0	5.56
wav/iwslt2024_bho-hi-1730-2019102419563_37.wav	0	9.32
wav/iwslt2024_bho-hi-1730-2019102419563_38.wav	0	7.24
wav/iwslt2024_bho-hi-1730-2019102419563_40.wav	0	4.08
wav/iwslt2024_bho-hi-1730-2019102419563_41.wav	0	6.04
wav/iwslt2024_bho-hi-1730-2019102419563_42.wav	0	6.28
wav/iwslt2024_bho-hi-1730-2019102419563_43.wav	0	7.8
wav/iwslt2024_bho-hi-1730-2019102419563_44.wav	0	10.24
wav/iwslt2024_bho-hi-1730-2019102419563_45.wav	0	14.16
wav/iwslt2024_bho-hi-1730-2019102419563_46.wav	0	7.36
wav/iwslt2024_bho-hi-1730-2019103118315_1.wav	0	8.44
wav/iwslt2024_bho-hi-1730-2019103118315_2.wav	0	6.28
wav/iwslt2024_bho-hi-1730-2019103118315_3.wav	0	6.72
wav/iwslt2024_bho-hi-1730-2019103118315_4.wav	0	11.84
wav/iwslt2024_bho-hi-1730-2019103118315_5.wav	0	7.04
wav/iwslt2024_bho-hi-1730-2019103118315_6.wav	0	12.12
wav/iwslt2024_bho-hi-1730-2019103118315_8.wav	0	14.28
wav/iwslt2024_bho-hi-1730-2019103118315_9.wav	0	9.28
wav/iwslt2024_bho-hi-1730-2019103118315_10.wav	0	9.52
wav/iwslt2024_bho-hi-1730-2019103118315_11.wav	0	8.6
wav/iwslt2024_bho-hi-1730-2019103118315_12.wav	0	10.96
wav/iwslt2024_bho-hi-1730-2019103118315_13.wav	0	6.16
wav/iwslt2024_bho-hi-1730-2019103118315_14.wav	0	3.56
wav/iwslt2024_bho-hi-1730-2019103118315_15.wav	0	11.48
wav/iwslt2024_bho-hi-1730-2019103118315_16.wav	0	8.56
wav/iwslt2024_bho-hi-1730-2019103118315_17.wav	0	10.24
wav/iwslt2024_bho-hi-1730-2019103118315_18.wav	0	3.88
wav/iwslt2024_bho-hi-1730-2019103118315_19.wav	0	8.24
wav/iwslt2024_bho-hi-1730-2019103118315_20.wav	0	9.56
wav/iwslt2024_bho-hi-1730-2019103118315_21.wav	0	3.28
wav/iwslt2024_bho-hi-1730-2019103118315_22.wav	0	11.04
wav/iwslt2024_bho-hi-1730-2019103118315_23.wav	0	7.32
wav/iwslt2024_bho-hi-1730-2019103118315_24.wav	0	6.52
wav/iwslt2024_bho-hi-1730-2019103118315_25.wav	0	8.76
wav/iwslt2024_bho-hi-1730-2019103118315_26.wav	0	9.32
wav/iwslt2024_bho-hi-1730-2019103118315_27.wav	0	13
wav/iwslt2024_bho-hi-1730-2019103118315_29.wav	0	5.6
wav/iwslt2024_bho-hi-1730-2019103118315_30.wav	0	2.88
wav/iwslt2024_bho-hi-1730-2019103118315_31.wav	0	13.16
wav/iwslt2024_bho-hi-1730-2019103185739_1.wav	0	10.12
wav/iwslt2024_bho-hi-1730-2019103185739_2.wav	0	5.24
wav/iwslt2024_bho-hi-1730-2019103185739_3.wav	0	14.88
wav/iwslt2024_bho-hi-1730-2019103185739_4.wav	0	9.24
wav/iwslt2024_bho-hi-1730-2019103185739_5.wav	0	9.52
wav/iwslt2024_bho-hi-1730-2019103185739_6.wav	0	9.72
wav/iwslt2024_bho-hi-1730-2019103185739_7.wav	0	7.24
wav/iwslt2024_bho-hi-1730-2019103185739_10.wav	0	7.04
wav/iwslt2024_bho-hi-1730-2019103185739_11.wav	0	5.84
wav/iwslt2024_bho-hi-1730-2019103185739_12.wav	0	7.8
wav/iwslt2024_bho-hi-1730-2019103185739_13.wav	0	6.04
wav/iwslt2024_bho-hi-1730-2019103185739_14.wav	0	4.44
wav/iwslt2024_bho-hi-1730-2019103185739_15.wav	0	11.36
wav/iwslt2024_bho-hi-1730-2019103185739_16.wav	0	11.84
wav/iwslt2024_bho-hi-1730-2019103185739_17.wav	0	5.92
wav/iwslt2024_bho-hi-1730-2019103185739_18.wav	0	7.16
wav/iwslt2024_bho-hi-1730-2019103185739_19.wav	0	4.8
wav/iwslt2024_bho-hi-1730-2019103185739_20.wav	0	4.32
wav/iwslt2024_bho-hi-1730-2019103185739_21.wav	0	9.68
wav/iwslt2024_bho-hi-1730-2019103185739_22.wav	0	6.04
wav/iwslt2024_bho-hi-1730-2019103185739_23.wav	0	4.4
wav/iwslt2024_bho-hi-1730-2019103185739_26.wav	0	2.64
wav/iwslt2024_bho-hi-1730-2019103185739_27.wav	0	12.88
wav/iwslt2024_bho-hi-1730-2019103185739_28.wav	0	6.2
wav/iwslt2024_bho-hi-1730-2019103185739_29.wav	0	5.52
wav/iwslt2024_bho-hi-1730-2019103185739_31.wav	0	5.04
wav/iwslt2024_bho-hi-1730-2019103185739_32.wav	0	13.84
wav/iwslt2024_bho-hi-1730-2019104193347_1.wav	0	10.84
wav/iwslt2024_bho-hi-1730-2019104193347_2.wav	0	5.16
wav/iwslt2024_bho-hi-1730-2019104193347_3.wav	0	4.8
wav/iwslt2024_bho-hi-1730-2019104193347_5.wav	0	6.12
wav/iwslt2024_bho-hi-1730-2019104193347_6.wav	0	9.16
wav/iwslt2024_bho-hi-1730-2019104193347_7.wav	0	3.2
wav/iwslt2024_bho-hi-1730-2019104193347_8.wav	0	13.68
wav/iwslt2024_bho-hi-1730-2019104193347_9.wav	0	14.84
wav/iwslt2024_bho-hi-1730-2019104193347_10.wav	0	9.04
wav/iwslt2024_bho-hi-1730-2019104193347_11.wav	0	13.52
wav/iwslt2024_bho-hi-1730-2019104193347_12.wav	0	8.56
wav/iwslt2024_bho-hi-1730-2019104193347_13.wav	0	12.68
wav/iwslt2024_bho-hi-1730-2019104193347_14.wav	0	5.68
wav/iwslt2024_bho-hi-1730-2019104193347_15.wav	0	10.04
wav/iwslt2024_bho-hi-1730-2019104193347_16.wav	0	8.24
wav/iwslt2024_bho-hi-1730-2019104193347_17.wav	0	5.64
wav/iwslt2024_bho-hi-1730-2019104193347_18.wav	0	5.52
wav/iwslt2024_bho-hi-1730-2019104193347_19.wav	0	8.64
wav/iwslt2024_bho-hi-1730-2019104193347_20.wav	0	14.2
wav/iwslt2024_bho-hi-1730-2019104193347_21.wav	0	7.6
wav/iwslt2024_bho-hi-1730-2019104193347_22.wav	0	7.92
wav/iwslt2024_bho-hi-1730-2019104193347_23.wav	0	13.24
wav/iwslt2024_bho-hi-1730-2019104193347_24.wav	0	14.24
wav/iwslt2024_bho-hi-1730-2019104193347_25.wav	0	14
wav/iwslt2024_bho-hi-1730-2019104193347_26.wav	0	6.56
wav/iwslt2024_bho-hi-1730-2019104193347_27.wav	0	6.64
wav/iwslt2024_bho-hi-1730-2019104193347_29.wav	0	3.08
wav/iwslt2024_bho-hi-1730-2019104193347_30.wav	0	11.72
wav/iwslt2024_bho-hi-1730-2019104193347_31.wav	0	8.96
wav/iwslt2024_bho-hi-1730-2019105192155_1.wav	0	14.68
wav/iwslt2024_bho-hi-1730-2019105192155_2.wav	0	7.68
wav/iwslt2024_bho-hi-1730-2019105192155_3.wav	0	12.56
wav/iwslt2024_bho-hi-1730-2019105192155_4.wav	0	5.56
wav/iwslt2024_bho-hi-1730-2019105192155_5.wav	0	7.56
wav/iwslt2024_bho-hi-1730-2019105192155_6.wav	0	7.6
wav/iwslt2024_bho-hi-1730-2019105192155_7.wav	0	5.32
wav/iwslt2024_bho-hi-1730-2019105192155_8.wav	0	7.4
wav/iwslt2024_bho-hi-1730-2019105192155_9.wav	0	7.52
wav/iwslt2024_bho-hi-1730-2019105192155_10.wav	0	9.4
wav/iwslt2024_bho-hi-1730-2019105192155_12.wav	0	6
wav/iwslt2024_bho-hi-1730-2019105192155_13.wav	0	5.92
wav/iwslt2024_bho-hi-1730-2019105192155_14.wav	0	5.6
wav/iwslt2024_bho-hi-1730-2019105192155_15.wav	0	12.72
wav/iwslt2024_bho-hi-1730-2019105192155_16.wav	0	9.28
wav/iwslt2024_bho-hi-1730-2019105192155_17.wav	0	11.08
wav/iwslt2024_bho-hi-1730-2019105192155_18.wav	0	6.32
wav/iwslt2024_bho-hi-1730-2019105192155_19.wav	0	10.72
wav/iwslt2024_bho-hi-1730-2019105192155_20.wav	0	9.36
wav/iwslt2024_bho-hi-1730-2019105192155_21.wav	0	8.2
wav/iwslt2024_bho-hi-1730-2019105192155_22.wav	0	7.96
wav/iwslt2024_bho-hi-1730-2019105192155_24.wav	0	2.72
wav/iwslt2024_bho-hi-1730-2019105192155_25.wav	0	6.96
wav/iwslt2024_bho-hi-1730-2019105192155_26.wav	0	6.72
wav/iwslt2024_bho-hi-1730-2019105192155_27.wav	0	12.48
wav/iwslt2024_bho-hi-1730-2019105192155_28.wav	0	9.68
wav/iwslt2024_bho-hi-1730-2019105192155_29.wav	0	3.48
wav/iwslt2024_bho-hi-1730-2019105192155_30.wav	0	8.88
wav/iwslt2024_bho-hi-1730-2019105192155_31.wav	0	6.64
wav/iwslt2024_bho-hi-1730-2019105192155_32.wav	0	7.72
wav/iwslt2024_bho-hi-1730-2019105192155_33.wav	0	7.44
wav/iwslt2024_bho-hi-1730-2019105192155_34.wav	0	11.44
wav/iwslt2024_bho-hi-1730-2019105192155_35.wav	0	2.56
wav/iwslt2024_bho-hi-1730-2019105192155_36.wav	0	5.72
wav/iwslt2024_bho-hi-1730-2019106184829_1.wav	0	6.04
wav/iwslt2024_bho-hi-1730-2019106184829_2.wav	0	5.96
wav/iwslt2024_bho-hi-1730-2019106184829_3.wav	0	6.72
wav/iwslt2024_bho-hi-1730-2019106184829_4.wav	0	6.12
wav/iwslt2024_bho-hi-1730-2019106184829_5.wav	0	5
wav/iwslt2024_bho-hi-1730-2019106184829_6.wav	0	3.44
wav/iwslt2024_bho-hi-1730-2019106184829_7.wav	0	4.92
wav/iwslt2024_bho-hi-1730-2019106184829_8.wav	0	6.88
wav/iwslt2024_bho-hi-1730-2019106184829_9.wav	0	7.24
wav/iwslt2024_bho-hi-1730-2019106184829_10.wav	0	4.48
wav/iwslt2024_bho-hi-1730-2019106184829_11.wav	0	9.36
wav/iwslt2024_bho-hi-1730-2019106184829_12.wav	0	8.04
wav/iwslt2024_bho-hi-1730-2019106184829_13.wav	0	9.04
wav/iwslt2024_bho-hi-1730-2019106184829_14.wav	0	2.96
wav/iwslt2024_bho-hi-1730-2019106184829_15.wav	0	6.2
wav/iwslt2024_bho-hi-1730-2019106184829_16.wav	0	7.04
wav/iwslt2024_bho-hi-1730-2019106184829_17.wav	0	8.4
wav/iwslt2024_bho-hi-1730-2019106184829_18.wav	0	7.32
wav/iwslt2024_bho-hi-1730-2019106184829_19.wav	0	9.2
wav/iwslt2024_bho-hi-1730-2019106184829_20.wav	0	7.48
wav/iwslt2024_bho-hi-1730-2019106184829_21.wav	0	7.24
wav/iwslt2024_bho-hi-1730-2019106184829_22.wav	0	7
wav/iwslt2024_bho-hi-1730-2019106184829_23.wav	0	6.64
wav/iwslt2024_bho-hi-1730-2019106184829_24.wav	0	8.48
wav/iwslt2024_bho-hi-1730-2019106184829_26.wav	0	4.44
wav/iwslt2024_bho-hi-1730-2019106184829_28.wav	0	5
wav/iwslt2024_bho-hi-1730-2019106184829_29.wav	0	12.72
wav/iwslt2024_bho-hi-1730-2019106184829_30.wav	0	6.8
wav/iwslt2024_bho-hi-1730-2019106184829_31.wav	0	4.12
wav/iwslt2024_bho-hi-1730-2019106184829_32.wav	0	9.12
wav/iwslt2024_bho-hi-1730-2019106184829_34.wav	0	4.24
wav/iwslt2024_bho-hi-1730-2019106184829_35.wav	0	11.44
wav/iwslt2024_bho-hi-1730-2019106184829_36.wav	0	10.72
wav/iwslt2024_bho-hi-1730-2019109193816_1.wav	0	3.32
wav/iwslt2024_bho-hi-1730-2019109193816_2.wav	0	4.44
wav/iwslt2024_bho-hi-1730-2019109193816_3.wav	0	5.6
wav/iwslt2024_bho-hi-1730-2019109193816_4.wav	0	3.36
wav/iwslt2024_bho-hi-1730-2019109193816_5.wav	0	6.92
wav/iwslt2024_bho-hi-1730-2019109193816_6.wav	0	14.96
wav/iwslt2024_bho-hi-1730-2019109193816_7.wav	0	8.6
wav/iwslt2024_bho-hi-1730-2019109193816_8.wav	0	4.68
wav/iwslt2024_bho-hi-1730-2019109193816_9.wav	0	4.6
wav/iwslt2024_bho-hi-1730-2019109193816_10.wav	0	10.24
wav/iwslt2024_bho-hi-1730-2019109193816_11.wav	0	5.56
wav/iwslt2024_bho-hi-1730-2019109193816_12.wav	0	3.08
wav/iwslt2024_bho-hi-1730-2019109193816_13.wav	0	3.44
wav/iwslt2024_bho-hi-1730-2019109193816_14.wav	0	7
wav/iwslt2024_bho-hi-1730-2019109193816_15.wav	0	8.44
wav/iwslt2024_bho-hi-1730-2019109193816_16.wav	0	10.68
wav/iwslt2024_bho-hi-1730-2019109193816_17.wav	0	4
wav/iwslt2024_bho-hi-1730-2019109193816_18.wav	0	8.56
wav/iwslt2024_bho-hi-1730-2019109193816_19.wav	0	4.08
wav/iwslt2024_bho-hi-1730-2019109193816_20.wav	0	11.48
wav/iwslt2024_bho-hi-1730-2019109193816_21.wav	0	7.24
wav/iwslt2024_bho-hi-1730-2019109193816_24.wav	0	6.4
wav/iwslt2024_bho-hi-1730-2019109193816_26.wav	0	10
wav/iwslt2024_bho-hi-1730-2019109193816_27.wav	0	2.76
wav/iwslt2024_bho-hi-1730-2019109193816_28.wav	0	5.84
wav/iwslt2024_bho-hi-1730-2019109193816_29.wav	0	5.44
wav/iwslt2024_bho-hi-1730-2019109193816_30.wav	0	5.6
wav/iwslt2024_bho-hi-1730-2019109193816_31.wav	0	8.92
wav/iwslt2024_bho-hi-1730-2019109193816_33.wav	0	6.32
wav/iwslt2024_bho-hi-1730-2019109193816_34.wav	0	11.48
wav/iwslt2024_bho-hi-1730-2019109193816_35.wav	0	10.48
wav/iwslt2024_bho-hi-1730-2019109193816_36.wav	0	6.52
wav/iwslt2024_bho-hi-1730-2019109193816_37.wav	0	5.52
wav/iwslt2024_bho-hi-1730-2019109193816_38.wav	0	1.92
wav/iwslt2024_bho-hi-1730-2019109193816_39.wav	0	4.44
wav/iwslt2024_bho-hi-1730-2019109193816_40.wav	0	3
wav/iwslt2024_bho-hi-1730-2019111183919_1.wav	0	3.48
wav/iwslt2024_bho-hi-1730-2019111183919_2.wav	0	10.16
wav/iwslt2024_bho-hi-1730-2019111183919_3.wav	0	3.68
wav/iwslt2024_bho-hi-1730-2019111183919_16.wav	0	4.2
wav/iwslt2024_bho-hi-1730-2019111183919_20.wav	0	10.52
wav/iwslt2024_bho-hi-1730-2019111183919_22.wav	0	4.56
wav/iwslt2024_bho-hi-1730-2019111183919_23.wav	0	2.8
wav/iwslt2024_bho-hi-1730-2019111183919_31.wav	0	2.44
wav/iwslt2024_bho-hi-1730-2019111183919_35.wav	0	3.72
wav/iwslt2024_bho-hi-1730-2019111183919_43.wav	0	2.28
wav/iwslt2024_bho-hi-1730-2019111183919_47.wav	0	3.12
wav/iwslt2024_bho-hi-1730-2019111183919_48.wav	0	4.08
wav/iwslt2024_bho-hi-1730-2019111183919_49.wav	0	3.24
wav/iwslt2024_bho-hi-1730-2019111183919_53.wav	0	2.92
wav/iwslt2024_bho-hi-1730-2019111183919_55.wav	0	1.88
wav/iwslt2024_bho-hi-1730-2019111183919_56.wav	0	9.76
wav/iwslt2024_bho-hi-1730-2019111183919_60.wav	0	1.8
wav/iwslt2024_bho-hi-1730-2019111183919_72.wav	0	1.64
wav/iwslt2024_bho-hi-1730-2019111183919_87.wav	0	1.68
wav/iwslt2024_bho-hi-1730-2019111183919_94.wav	0	1.84
wav/iwslt2024_bho-hi-1730-2019111183919_95.wav	0	2.2
wav/iwslt2024_bho-hi-1730-2019111183919_97.wav	0	1.76
wav/iwslt2024_bho-hi-1730-2019111183919_105.wav	0	2.48
wav/iwslt2024_bho-hi-1730-2019111183919_111.wav	0	3.6
wav/iwslt2024_bho-hi-1730-2019111183919_112.wav	0	2.2
wav/iwslt2024_bho-hi-1730-2019111183919_113.wav	0	3.64
wav/iwslt2024_bho-hi-1730-2019111183919_114.wav	0	3.44
wav/iwslt2024_bho-hi-1730-2019111183919_127.wav	0	2.12
wav/iwslt2024_bho-hi-1730-2019111193322_1.wav	0	8.52
wav/iwslt2024_bho-hi-1730-2019111193322_2.wav	0	5.16
wav/iwslt2024_bho-hi-1730-2019111193322_3.wav	0	5.76
wav/iwslt2024_bho-hi-1730-2019111193322_4.wav	0	9.04
wav/iwslt2024_bho-hi-1730-2019111193322_5.wav	0	9.92
wav/iwslt2024_bho-hi-1730-2019111193322_7.wav	0	12.28
wav/iwslt2024_bho-hi-1730-2019111193322_8.wav	0	6.64
wav/iwslt2024_bho-hi-1730-2019111193322_9.wav	0	4
wav/iwslt2024_bho-hi-1730-2019111193322_10.wav	0	13.44
wav/iwslt2024_bho-hi-1730-2019111193322_11.wav	0	4.92
wav/iwslt2024_bho-hi-1730-2019111193322_12.wav	0	4.92
wav/iwslt2024_bho-hi-1730-2019111193322_13.wav	0	7.44
wav/iwslt2024_bho-hi-1730-2019111193322_14.wav	0	5.68
wav/iwslt2024_bho-hi-1730-2019111193322_15.wav	0	12.44
wav/iwslt2024_bho-hi-1730-2019111193322_16.wav	0	8.2
wav/iwslt2024_bho-hi-1730-2019111193322_18.wav	0	1.72
wav/iwslt2024_bho-hi-1730-2019111193322_19.wav	0	4.16
wav/iwslt2024_bho-hi-1730-2019111193322_20.wav	0	5.32
wav/iwslt2024_bho-hi-1730-2019111193322_21.wav	0	3.28
wav/iwslt2024_bho-hi-1730-2019111193322_22.wav	0	14.08
wav/iwslt2024_bho-hi-1730-2019111193322_23.wav	0	4.48
wav/iwslt2024_bho-hi-1730-2019111193322_24.wav	0	8.64
wav/iwslt2024_bho-hi-1730-2019111193322_25.wav	0	3.84
wav/iwslt2024_bho-hi-1730-2019111193322_26.wav	0	3.76
wav/iwslt2024_bho-hi-1730-2019111193322_27.wav	0	2.68
wav/iwslt2024_bho-hi-1730-2019111193322_28.wav	0	9.12
wav/iwslt2024_bho-hi-1730-2019111193322_29.wav	0	4.12
wav/iwslt2024_bho-hi-1730-2019111193322_30.wav	0	3.16
wav/iwslt2024_bho-hi-1730-2019111193322_32.wav	0	7
wav/iwslt2024_bho-hi-1730-2019111193322_33.wav	0	10.48
wav/iwslt2024_bho-hi-1730-2019111218524_1.wav	0	14.44
wav/iwslt2024_bho-hi-1730-2019111218524_2.wav	0	11.96
wav/iwslt2024_bho-hi-1730-2019111218524_3.wav	0	4.44
wav/iwslt2024_bho-hi-1730-2019111218524_4.wav	0	3
wav/iwslt2024_bho-hi-1730-2019111218524_6.wav	0	1.56
wav/iwslt2024_bho-hi-1730-2019111218524_7.wav	0	7.12
wav/iwslt2024_bho-hi-1730-2019111218524_8.wav	0	6.72
wav/iwslt2024_bho-hi-1730-2019111218524_11.wav	0	10.04
wav/iwslt2024_bho-hi-1730-2019111218524_12.wav	0	10.56
wav/iwslt2024_bho-hi-1730-2019111218524_13.wav	0	8.84
wav/iwslt2024_bho-hi-1730-2019111218524_14.wav	0	5.72
wav/iwslt2024_bho-hi-1730-2019111218524_15.wav	0	1.96
wav/iwslt2024_bho-hi-1730-2019111218524_17.wav	0	11.52
wav/iwslt2024_bho-hi-1730-2019111218524_18.wav	0	4.96
wav/iwslt2024_bho-hi-1730-2019111218524_19.wav	0	6.64
wav/iwslt2024_bho-hi-1730-2019111218524_20.wav	0	14.68
wav/iwslt2024_bho-hi-1730-2019111218524_21.wav	0	2
wav/iwslt2024_bho-hi-1730-2019111218524_22.wav	0	7.04
wav/iwslt2024_bho-hi-1730-2019111218524_23.wav	0	3.92
wav/iwslt2024_bho-hi-1730-2019111218524_24.wav	0	8.32
wav/iwslt2024_bho-hi-1730-2019111218524_26.wav	0	5.56
wav/iwslt2024_bho-hi-1730-2019111218524_27.wav	0	8.44
wav/iwslt2024_bho-hi-1730-2019111218524_28.wav	0	14.56
wav/iwslt2024_bho-hi-1730-2019111218524_29.wav	0	8.2
wav/iwslt2024_bho-hi-1730-2019111218524_30.wav	0	4.6
wav/iwslt2024_bho-hi-1730-2019111218524_31.wav	0	2.6
wav/iwslt2024_bho-hi-1730-2019111218524_33.wav	0	7.88
wav/iwslt2024_bho-hi-1730-2019111218524_34.wav	0	7.8
wav/iwslt2024_bho-hi-1730-2019111218524_35.wav	0	9.4
wav/iwslt2024_bho-hi-1730-2019111218524_36.wav	0	5.24
wav/iwslt2024_bho-hi-1730-2019111218524_37.wav	0	5.24
wav/iwslt2024_bho-hi-1730-2019111218524_38.wav	0	10.48
wav/iwslt2024_bho-hi-1730-2019111218524_39.wav	0	6.2
wav/iwslt2024_bho-hi-1730-2019111718509_2.wav	0	10.12
wav/iwslt2024_bho-hi-1730-2019111718509_3.wav	0	7.84
wav/iwslt2024_bho-hi-1730-2019111718509_5.wav	0	4.6
wav/iwslt2024_bho-hi-1730-2019111718509_7.wav	0	10.24
wav/iwslt2024_bho-hi-1730-2019111718509_8.wav	0	7.8
wav/iwslt2024_bho-hi-1730-2019111718509_9.wav	0	9.08
wav/iwslt2024_bho-hi-1730-2019111718509_10.wav	0	8.52
wav/iwslt2024_bho-hi-1730-2019111718509_12.wav	0	4.32
wav/iwslt2024_bho-hi-1730-2019111718509_14.wav	0	11.48
wav/iwslt2024_bho-hi-1730-2019111718509_15.wav	0	6.44
wav/iwslt2024_bho-hi-1730-2019111718509_16.wav	0	2.6
wav/iwslt2024_bho-hi-1730-2019111718509_17.wav	0	10.48
wav/iwslt2024_bho-hi-1730-2019111718509_18.wav	0	10.08
wav/iwslt2024_bho-hi-1730-2019111718509_19.wav	0	11.24
wav/iwslt2024_bho-hi-1730-2019111718509_20.wav	0	14.56
wav/iwslt2024_bho-hi-1730-2019111718509_21.wav	0	11.44
wav/iwslt2024_bho-hi-1730-2019111718509_22.wav	0	13.6
wav/iwslt2024_bho-hi-1730-2019111718509_23.wav	0	3.6
wav/iwslt2024_bho-hi-1730-2019111718509_24.wav	0	2.8
wav/iwslt2024_bho-hi-1730-2019111718509_25.wav	0	1.84
wav/iwslt2024_bho-hi-1730-2019111718509_26.wav	0	4.76
wav/iwslt2024_bho-hi-1730-2019111718509_27.wav	0	7.2
wav/iwslt2024_bho-hi-1730-2019111718509_28.wav	0	8.84
wav/iwslt2024_bho-hi-1730-2019111718509_29.wav	0	7.2
wav/iwslt2024_bho-hi-1730-2019111919157_1.wav	0	5.24
wav/iwslt2024_bho-hi-1730-2019111919157_2.wav	0	5.08
wav/iwslt2024_bho-hi-1730-2019111919157_3.wav	0	9.16
wav/iwslt2024_bho-hi-1730-2019111919157_4.wav	0	11.28
wav/iwslt2024_bho-hi-1730-2019111919157_5.wav	0	7.28
wav/iwslt2024_bho-hi-1730-2019111919157_7.wav	0	5.88
wav/iwslt2024_bho-hi-1730-2019111919157_8.wav	0	8.44
wav/iwslt2024_bho-hi-1730-2019111919157_9.wav	0	7.12
wav/iwslt2024_bho-hi-1730-2019111919157_11.wav	0	3.56
wav/iwslt2024_bho-hi-1730-2019111919157_13.wav	0	12.68
wav/iwslt2024_bho-hi-1730-2019111919157_14.wav	0	5.44
wav/iwslt2024_bho-hi-1730-2019111919157_15.wav	0	10.08
wav/iwslt2024_bho-hi-1730-2019111919157_16.wav	0	8.24
wav/iwslt2024_bho-hi-1730-2019111919157_17.wav	0	4
wav/iwslt2024_bho-hi-1730-2019111919157_18.wav	0	7.24
wav/iwslt2024_bho-hi-1730-2019111919157_19.wav	0	8.32
wav/iwslt2024_bho-hi-1730-2019111919157_20.wav	0	14.76
wav/iwslt2024_bho-hi-1730-2019111919157_21.wav	0	10.08
wav/iwslt2024_bho-hi-1730-2019111919157_22.wav	0	7
wav/iwslt2024_bho-hi-1730-2019111919157_23.wav	0	4.96
wav/iwslt2024_bho-hi-1730-2019111919157_24.wav	0	9.72
wav/iwslt2024_bho-hi-1730-2019111919157_25.wav	0	6.28
wav/iwslt2024_bho-hi-1730-2019111919157_26.wav	0	6.04
wav/iwslt2024_bho-hi-1730-2019111919157_27.wav	0	6.28
wav/iwslt2024_bho-hi-1730-2019111919157_28.wav	0	6.48
wav/iwslt2024_bho-hi-1730-2019111919157_29.wav	0	13.4
wav/iwslt2024_bho-hi-1730-2019111919157_30.wav	0	10.88
wav/iwslt2024_bho-hi-1730-2019111919157_31.wav	0	13.56
wav/iwslt2024_bho-hi-1730-2019111919157_32.wav	0	7.2
wav/iwslt2024_bho-hi-1730-2019112519434_1.wav	0	5.16
wav/iwslt2024_bho-hi-1730-2019112519434_2.wav	0	9.96
wav/iwslt2024_bho-hi-1730-2019112519434_3.wav	0	4.6
wav/iwslt2024_bho-hi-1730-2019112519434_4.wav	0	6.32
wav/iwslt2024_bho-hi-1730-2019112519434_5.wav	0	7.4
wav/iwslt2024_bho-hi-1730-2019112519434_6.wav	0	4.76
wav/iwslt2024_bho-hi-1730-2019112519434_7.wav	0	3.84
wav/iwslt2024_bho-hi-1730-2019112519434_8.wav	0	6.48
wav/iwslt2024_bho-hi-1730-2019112519434_9.wav	0	6.48
wav/iwslt2024_bho-hi-1730-2019112519434_10.wav	0	9.04
wav/iwslt2024_bho-hi-1730-2019112519434_11.wav	0	6.08
wav/iwslt2024_bho-hi-1730-2019112519434_12.wav	0	3.64
wav/iwslt2024_bho-hi-1730-2019112519434_13.wav	0	11.88
wav/iwslt2024_bho-hi-1730-2019112519434_14.wav	0	5.92
wav/iwslt2024_bho-hi-1730-2019112519434_15.wav	0	3
wav/iwslt2024_bho-hi-1730-2019112519434_17.wav	0	8.28
wav/iwslt2024_bho-hi-1730-2019112519434_18.wav	0	4.56
wav/iwslt2024_bho-hi-1730-2019112519434_19.wav	0	5.64
wav/iwslt2024_bho-hi-1730-2019112519434_20.wav	0	8.44
wav/iwslt2024_bho-hi-1730-2019112519434_21.wav	0	5.96
wav/iwslt2024_bho-hi-1730-2019112519434_22.wav	0	4
wav/iwslt2024_bho-hi-1730-2019112519434_23.wav	0	5.84
wav/iwslt2024_bho-hi-1730-2019112519434_24.wav	0	7.52
wav/iwslt2024_bho-hi-1730-2019112519434_25.wav	0	6.04
wav/iwslt2024_bho-hi-1730-2019112519434_26.wav	0	2.88
wav/iwslt2024_bho-hi-1730-2019112519434_27.wav	0	8.48
wav/iwslt2024_bho-hi-1730-2019112519434_30.wav	0	3.08
wav/iwslt2024_bho-hi-1730-2019112519434_33.wav	0	3.52
wav/iwslt2024_bho-hi-1730-2019112519434_34.wav	0	4.04
wav/iwslt2024_bho-hi-1730-2019112519434_35.wav	0	4.72
wav/iwslt2024_bho-hi-1730-2019112519434_36.wav	0	2.84
wav/iwslt2024_bho-hi-1730-2019112819353_1.wav	0	10.56
wav/iwslt2024_bho-hi-1730-2019112819353_2.wav	0	11.68
wav/iwslt2024_bho-hi-1730-2019112819353_3.wav	0	8
wav/iwslt2024_bho-hi-1730-2019112819353_4.wav	0	9.2
wav/iwslt2024_bho-hi-1730-2019112819353_5.wav	0	12.44
wav/iwslt2024_bho-hi-1730-2019112819353_6.wav	0	9.6
wav/iwslt2024_bho-hi-1730-2019112819353_7.wav	0	4.92
wav/iwslt2024_bho-hi-1730-2019112819353_8.wav	0	6.64
wav/iwslt2024_bho-hi-1730-2019112819353_9.wav	0	13.52
wav/iwslt2024_bho-hi-1730-2019112819353_10.wav	0	5.32
wav/iwslt2024_bho-hi-1730-2019112819353_11.wav	0	5.04
wav/iwslt2024_bho-hi-1730-2019112819353_12.wav	0	8.96
wav/iwslt2024_bho-hi-1730-2019112819353_13.wav	0	6.24
wav/iwslt2024_bho-hi-1730-2019112819353_14.wav	0	5.24
wav/iwslt2024_bho-hi-1730-2019112819353_15.wav	0	9.44
wav/iwslt2024_bho-hi-1730-2019112819353_16.wav	0	12.8
wav/iwslt2024_bho-hi-1730-2019112819353_18.wav	0	2.8
wav/iwslt2024_bho-hi-1730-2019112819353_19.wav	0	4.36
wav/iwslt2024_bho-hi-1730-2019112819353_20.wav	0	7.68
wav/iwslt2024_bho-hi-1730-2019112819353_21.wav	0	6.44
wav/iwslt2024_bho-hi-1730-2019112819353_22.wav	0	13.76
wav/iwslt2024_bho-hi-1730-2019112819353_23.wav	0	2.68
wav/iwslt2024_bho-hi-1730-2019112819353_24.wav	0	3.32
wav/iwslt2024_bho-hi-1730-2019112819353_25.wav	0	4.64
wav/iwslt2024_bho-hi-1730-2019112819353_26.wav	0	8.72
wav/iwslt2024_bho-hi-1730-2019112819353_27.wav	0	9.88
wav/iwslt2024_bho-hi-1730-2019112819353_29.wav	0	9.36
wav/iwslt2024_bho-hi-1730-2019112819353_30.wav	0	8
wav/iwslt2024_bho-hi-1730-2019112819353_31.wav	0	8.28
wav/iwslt2024_bho-hi-1730-2019113018595_1.wav	0	7.8
wav/iwslt2024_bho-hi-1730-2019113018595_2.wav	0	4.68
wav/iwslt2024_bho-hi-1730-2019113018595_3.wav	0	9.44
wav/iwslt2024_bho-hi-1730-2019113018595_4.wav	0	6.64
wav/iwslt2024_bho-hi-1730-2019113018595_5.wav	0	6.36
wav/iwslt2024_bho-hi-1730-2019113018595_6.wav	0	4.72
wav/iwslt2024_bho-hi-1730-2019113018595_7.wav	0	6.28
wav/iwslt2024_bho-hi-1730-2019113018595_8.wav	0	3.84
wav/iwslt2024_bho-hi-1730-2019113018595_9.wav	0	10.68
wav/iwslt2024_bho-hi-1730-2019113018595_10.wav	0	10.84
wav/iwslt2024_bho-hi-1730-2019113018595_11.wav	0	11
wav/iwslt2024_bho-hi-1730-2019113018595_12.wav	0	10.88
wav/iwslt2024_bho-hi-1730-2019113018595_13.wav	0	7.52
wav/iwslt2024_bho-hi-1730-2019113018595_14.wav	0	8.28
wav/iwslt2024_bho-hi-1730-2019113018595_15.wav	0	6.96
wav/iwslt2024_bho-hi-1730-2019113018595_16.wav	0	8.24
wav/iwslt2024_bho-hi-1730-2019113018595_17.wav	0	7.4
wav/iwslt2024_bho-hi-1730-2019113018595_18.wav	0	4.36
wav/iwslt2024_bho-hi-1730-2019113018595_19.wav	0	14.68
wav/iwslt2024_bho-hi-1730-2019113018595_20.wav	0	11.28
wav/iwslt2024_bho-hi-1730-2019113018595_21.wav	0	11.32
wav/iwslt2024_bho-hi-1730-2019113018595_22.wav	0	8.44
wav/iwslt2024_bho-hi-1730-2019113018595_23.wav	0	7.36
wav/iwslt2024_bho-hi-1730-2019113018595_24.wav	0	4.16
wav/iwslt2024_bho-hi-1730-2019113018595_25.wav	0	7.2
wav/iwslt2024_bho-hi-1730-2019113018595_26.wav	0	7.84
wav/iwslt2024_bho-hi-1730-2019113018595_27.wav	0	3.44
wav/iwslt2024_bho-hi-1730-2019113018595_28.wav	0	4.12
wav/iwslt2024_bho-hi-1730-2019113018595_29.wav	0	3.64
wav/iwslt2024_bho-hi-1730-2019113018595_30.wav	0	2.44
wav/iwslt2024_bho-hi-1730-2019113018595_31.wav	0	5.44
wav/iwslt2024_bho-hi-1730-2019113018595_32.wav	0	8.72
wav/iwslt2024_bho-hi-1730-2019113018595_33.wav	0	5.16
wav/iwslt2024_bho-hi-1730-2019113018595_34.wav	0	10.16
wav/iwslt2024_bho-hi-1730-2019113184928_1.wav	0	13.32
wav/iwslt2024_bho-hi-1730-2019113184928_2.wav	0	8.28
wav/iwslt2024_bho-hi-1730-2019113184928_3.wav	0	8.96
wav/iwslt2024_bho-hi-1730-2019113184928_4.wav	0	10.04
wav/iwslt2024_bho-hi-1730-2019113184928_5.wav	0	8.4
wav/iwslt2024_bho-hi-1730-2019113184928_6.wav	0	10.24
wav/iwslt2024_bho-hi-1730-2019113184928_7.wav	0	3.72
wav/iwslt2024_bho-hi-1730-2019113184928_8.wav	0	6.04
wav/iwslt2024_bho-hi-1730-2019113184928_9.wav	0	6.04
wav/iwslt2024_bho-hi-1730-2019113184928_10.wav	0	9.32
wav/iwslt2024_bho-hi-1730-2019113184928_11.wav	0	6.76
wav/iwslt2024_bho-hi-1730-2019113184928_12.wav	0	5.96
wav/iwslt2024_bho-hi-1730-2019113184928_13.wav	0	4.44
wav/iwslt2024_bho-hi-1730-2019113184928_14.wav	0	1.88
wav/iwslt2024_bho-hi-1730-2019113184928_15.wav	0	2.6
wav/iwslt2024_bho-hi-1730-2019113184928_16.wav	0	14.96
wav/iwslt2024_bho-hi-1730-2019113184928_17.wav	0	9.88
wav/iwslt2024_bho-hi-1730-2019113184928_18.wav	0	11.48
wav/iwslt2024_bho-hi-1730-2019113184928_19.wav	0	7.44
wav/iwslt2024_bho-hi-1730-2019113184928_20.wav	0	10.64
wav/iwslt2024_bho-hi-1730-2019113184928_21.wav	0	5.6
wav/iwslt2024_bho-hi-1730-2019113184928_22.wav	0	5.32
wav/iwslt2024_bho-hi-1730-2019113184928_23.wav	0	5.32
wav/iwslt2024_bho-hi-1730-2019113184928_24.wav	0	3.76
wav/iwslt2024_bho-hi-1730-2019113184928_25.wav	0	8.96
wav/iwslt2024_bho-hi-1730-2019113184928_26.wav	0	3.64
wav/iwslt2024_bho-hi-1730-2019113184928_27.wav	0	9.48
wav/iwslt2024_bho-hi-1730-2019113184928_28.wav	0	4.32
wav/iwslt2024_bho-hi-1730-2019113184928_31.wav	0	4.96
wav/iwslt2024_bho-hi-1730-2019113191533_1.wav	0	5.56
wav/iwslt2024_bho-hi-1730-2019113191533_2.wav	0	5.08
wav/iwslt2024_bho-hi-1730-2019113191533_3.wav	0	5.12
wav/iwslt2024_bho-hi-1730-2019113191533_4.wav	0	7.44
wav/iwslt2024_bho-hi-1730-2019113191533_5.wav	0	4.36
wav/iwslt2024_bho-hi-1730-2019113191533_6.wav	0	4.72
wav/iwslt2024_bho-hi-1730-2019113191533_7.wav	0	6.76
wav/iwslt2024_bho-hi-1730-2019113191533_8.wav	0	8.44
wav/iwslt2024_bho-hi-1730-2019113191533_10.wav	0	7.12
wav/iwslt2024_bho-hi-1730-2019113191533_11.wav	0	6.96
wav/iwslt2024_bho-hi-1730-2019113191533_12.wav	0	4.72
wav/iwslt2024_bho-hi-1730-2019113191533_13.wav	0	10.32
wav/iwslt2024_bho-hi-1730-2019113191533_14.wav	0	10.8
wav/iwslt2024_bho-hi-1730-2019113191533_15.wav	0	14.88
wav/iwslt2024_bho-hi-1730-2019113191533_16.wav	0	5.16
wav/iwslt2024_bho-hi-1730-2019113191533_17.wav	0	5.88
wav/iwslt2024_bho-hi-1730-2019113191533_18.wav	0	6.84
wav/iwslt2024_bho-hi-1730-2019113191533_19.wav	0	6.16
wav/iwslt2024_bho-hi-1730-2019113191533_21.wav	0	12.56
wav/iwslt2024_bho-hi-1730-2019113191533_22.wav	0	12.88
wav/iwslt2024_bho-hi-1730-2019113191533_23.wav	0	10.96
wav/iwslt2024_bho-hi-1730-2019113191533_24.wav	0	4.16
wav/iwslt2024_bho-hi-1730-2019113191533_25.wav	0	3.12
wav/iwslt2024_bho-hi-1730-2019113191533_26.wav	0	2.84
wav/iwslt2024_bho-hi-1730-2019113191533_27.wav	0	8.28
wav/iwslt2024_bho-hi-1730-2019113191533_28.wav	0	5.04
wav/iwslt2024_bho-hi-1730-2019113191533_29.wav	0	7.68
wav/iwslt2024_bho-hi-1730-2019113191533_30.wav	0	7.24
wav/iwslt2024_bho-hi-1730-2019113191533_31.wav	0	13.08
wav/iwslt2024_bho-hi-1730-2019113191533_32.wav	0	2.76
wav/iwslt2024_bho-hi-1730-2019113191533_33.wav	0	4.56
wav/iwslt2024_bho-hi-1730-2019113191533_34.wav	0	3.92
wav/iwslt2024_bho-hi-1730-2019113191533_35.wav	0	9.48
wav/iwslt2024_bho-hi-1730-2019113191533_36.wav	0	9.32
wav/iwslt2024_bho-hi-1730-2019113191533_37.wav	0	6.8
wav/iwslt2024_bho-hi-1730-2019113191533_38.wav	0	1.96
wav/iwslt2024_bho-hi-1730-2019113191533_39.wav	0	3.84
wav/iwslt2024_bho-hi-1730-2019113191533_40.wav	0	4.2
wav/iwslt2024_bho-hi-1730-2019114193428_1.wav	0	5.88
wav/iwslt2024_bho-hi-1730-2019114193428_2.wav	0	5.76
wav/iwslt2024_bho-hi-1730-2019114193428_3.wav	0	9.88
wav/iwslt2024_bho-hi-1730-2019114193428_4.wav	0	8.8
wav/iwslt2024_bho-hi-1730-2019114193428_5.wav	0	8
wav/iwslt2024_bho-hi-1730-2019114193428_6.wav	0	8.64
wav/iwslt2024_bho-hi-1730-2019114193428_7.wav	0	14.36
wav/iwslt2024_bho-hi-1730-2019114193428_8.wav	0	6.4
wav/iwslt2024_bho-hi-1730-2019114193428_9.wav	0	5.44
wav/iwslt2024_bho-hi-1730-2019114193428_10.wav	0	5.28
wav/iwslt2024_bho-hi-1730-2019114193428_12.wav	0	6.72
wav/iwslt2024_bho-hi-1730-2019114193428_13.wav	0	13.44
wav/iwslt2024_bho-hi-1730-2019114193428_15.wav	0	6.88
wav/iwslt2024_bho-hi-1730-2019114193428_16.wav	0	13.6
wav/iwslt2024_bho-hi-1730-2019114193428_17.wav	0	8.68
wav/iwslt2024_bho-hi-1730-2019114193428_18.wav	0	8.76
wav/iwslt2024_bho-hi-1730-2019114193428_19.wav	0	8.68
wav/iwslt2024_bho-hi-1730-2019114193428_20.wav	0	9.28
wav/iwslt2024_bho-hi-1730-2019114193428_21.wav	0	8.88
wav/iwslt2024_bho-hi-1730-2019114193428_22.wav	0	10.28
wav/iwslt2024_bho-hi-1730-2019114193428_23.wav	0	7.6
wav/iwslt2024_bho-hi-1730-2019114193428_25.wav	0	7.96
wav/iwslt2024_bho-hi-1730-2019114193428_26.wav	0	13.52
wav/iwslt2024_bho-hi-1730-2019115192318_1.wav	0	3.72
wav/iwslt2024_bho-hi-1730-2019115192318_2.wav	0	6.52
wav/iwslt2024_bho-hi-1730-2019115192318_3.wav	0	7.2
wav/iwslt2024_bho-hi-1730-2019115192318_4.wav	0	13.52
wav/iwslt2024_bho-hi-1730-2019115192318_5.wav	0	8.48
wav/iwslt2024_bho-hi-1730-2019115192318_6.wav	0	9.6
wav/iwslt2024_bho-hi-1730-2019115192318_7.wav	0	12.92
wav/iwslt2024_bho-hi-1730-2019115192318_8.wav	0	9.12
wav/iwslt2024_bho-hi-1730-2019115192318_9.wav	0	8.08
wav/iwslt2024_bho-hi-1730-2019115192318_10.wav	0	3.28
wav/iwslt2024_bho-hi-1730-2019115192318_11.wav	0	2.44
wav/iwslt2024_bho-hi-1730-2019115192318_12.wav	0	3.28
wav/iwslt2024_bho-hi-1730-2019115192318_13.wav	0	7.56
wav/iwslt2024_bho-hi-1730-2019115192318_15.wav	0	8.24
wav/iwslt2024_bho-hi-1730-2019115192318_17.wav	0	2.64
wav/iwslt2024_bho-hi-1730-2019115192318_18.wav	0	2.88
wav/iwslt2024_bho-hi-1730-2019115192318_19.wav	0	4.96
wav/iwslt2024_bho-hi-1730-2019115192318_20.wav	0	7.36
wav/iwslt2024_bho-hi-1730-2019115192318_21.wav	0	3.88
wav/iwslt2024_bho-hi-1730-2019115192318_22.wav	0	11.4
wav/iwslt2024_bho-hi-1730-2019115192318_23.wav	0	5.88
wav/iwslt2024_bho-hi-1730-2019115192318_24.wav	0	5.76
wav/iwslt2024_bho-hi-1730-2019115192318_25.wav	0	4.28
wav/iwslt2024_bho-hi-1730-2019115192318_26.wav	0	7.76
wav/iwslt2024_bho-hi-1730-2019115192318_27.wav	0	6.08
wav/iwslt2024_bho-hi-1730-2019115192318_28.wav	0	2.6
wav/iwslt2024_bho-hi-1730-2019115192318_29.wav	0	2.8
wav/iwslt2024_bho-hi-1730-2019115192318_30.wav	0	3.12
wav/iwslt2024_bho-hi-1730-2019115192318_31.wav	0	6.44
wav/iwslt2024_bho-hi-1730-2019115192318_32.wav	0	6.56
wav/iwslt2024_bho-hi-1730-2019115192318_33.wav	0	4.84
wav/iwslt2024_bho-hi-1730-2019115192318_34.wav	0	4.84
wav/iwslt2024_bho-hi-1730-2019115192318_35.wav	0	5.04
wav/iwslt2024_bho-hi-1730-2019115192318_36.wav	0	5.6
wav/iwslt2024_bho-hi-1730-2019115192318_37.wav	0	6.16
wav/iwslt2024_bho-hi-1730-2019115192318_38.wav	0	3.08
wav/iwslt2024_bho-hi-1730-2019115192318_39.wav	0	4
wav/iwslt2024_bho-hi-1730-2019115192318_40.wav	0	6.08
wav/iwslt2024_bho-hi-1730-2019115192318_41.wav	0	8.72
wav/iwslt2024_bho-hi-1730-2019115192318_42.wav	0	12.76
wav/iwslt2024_bho-hi-1730-2019117182630_1.wav	0	11.84
wav/iwslt2024_bho-hi-1730-2019117182630_2.wav	0	7.68
wav/iwslt2024_bho-hi-1730-2019117182630_3.wav	0	7.76
wav/iwslt2024_bho-hi-1730-2019117182630_4.wav	0	9.36
wav/iwslt2024_bho-hi-1730-2019117182630_5.wav	0	6.04
wav/iwslt2024_bho-hi-1730-2019117182630_6.wav	0	2.56
wav/iwslt2024_bho-hi-1730-2019117182630_7.wav	0	5.08
wav/iwslt2024_bho-hi-1730-2019117182630_8.wav	0	13.48
wav/iwslt2024_bho-hi-1730-2019117182630_10.wav	0	9.64
wav/iwslt2024_bho-hi-1730-2019117182630_11.wav	0	7.32
wav/iwslt2024_bho-hi-1730-2019117182630_13.wav	0	8.52
wav/iwslt2024_bho-hi-1730-2019117182630_14.wav	0	7.08
wav/iwslt2024_bho-hi-1730-2019117182630_15.wav	0	2.8
wav/iwslt2024_bho-hi-1730-2019117182630_18.wav	0	10.24
wav/iwslt2024_bho-hi-1730-2019117182630_20.wav	0	10.08
wav/iwslt2024_bho-hi-1730-2019117182630_21.wav	0	5.84
wav/iwslt2024_bho-hi-1730-2019117182630_22.wav	0	12.12
wav/iwslt2024_bho-hi-1730-2019117182630_23.wav	0	8.6
wav/iwslt2024_bho-hi-1730-2019117182630_24.wav	0	8.44
wav/iwslt2024_bho-hi-1730-2019117182630_25.wav	0	4.92
wav/iwslt2024_bho-hi-1730-2019117182630_26.wav	0	6.8
wav/iwslt2024_bho-hi-1730-2019117182630_27.wav	0	3.04
wav/iwslt2024_bho-hi-1730-2019117182630_28.wav	0	9.16
wav/iwslt2024_bho-hi-1730-2019117182630_29.wav	0	8.32
wav/iwslt2024_bho-hi-1730-2019117184243_3.wav	0	10.72
wav/iwslt2024_bho-hi-1730-2019117184243_4.wav	0	8.08
wav/iwslt2024_bho-hi-1730-2019117184243_6.wav	0	6.88
wav/iwslt2024_bho-hi-1730-2019117184243_7.wav	0	9.84
wav/iwslt2024_bho-hi-1730-2019117184243_8.wav	0	7.28
wav/iwslt2024_bho-hi-1730-2019117184243_10.wav	0	7.12
wav/iwslt2024_bho-hi-1730-2019117184243_11.wav	0	4.08
wav/iwslt2024_bho-hi-1730-2019117184243_12.wav	0	7.8
wav/iwslt2024_bho-hi-1730-2019117184243_13.wav	0	13.32
wav/iwslt2024_bho-hi-1730-2019117184243_14.wav	0	9.84
wav/iwslt2024_bho-hi-1730-2019117184243_15.wav	0	3.24
wav/iwslt2024_bho-hi-1730-2019117184243_16.wav	0	8.92
wav/iwslt2024_bho-hi-1730-2019117184243_17.wav	0	4.32
wav/iwslt2024_bho-hi-1730-2019117184243_18.wav	0	10.76
wav/iwslt2024_bho-hi-1730-2019117184243_19.wav	0	7.08
wav/iwslt2024_bho-hi-1730-2019117184243_21.wav	0	10
wav/iwslt2024_bho-hi-1730-2019117184243_22.wav	0	12.64
wav/iwslt2024_bho-hi-1730-2019117184243_23.wav	0	8.08
wav/iwslt2024_bho-hi-1730-2019117184243_24.wav	0	6.88
wav/iwslt2024_bho-hi-1730-2019117184243_25.wav	0	4.32
wav/iwslt2024_bho-hi-1730-2019117184243_26.wav	0	9.32
wav/iwslt2024_bho-hi-1730-2019117184243_27.wav	0	7.88
wav/iwslt2024_bho-hi-1730-2019117184243_28.wav	0	12.8
wav/iwslt2024_bho-hi-1730-2019117184243_29.wav	0	13.8
wav/iwslt2024_bho-hi-1730-2019118185755_2.wav	0	8.2
wav/iwslt2024_bho-hi-1730-2019118185755_3.wav	0	6
wav/iwslt2024_bho-hi-1730-2019118185755_4.wav	0	13.96
wav/iwslt2024_bho-hi-1730-2019118185755_5.wav	0	12.4
wav/iwslt2024_bho-hi-1730-2019118185755_6.wav	0	10.6
wav/iwslt2024_bho-hi-1730-2019118185755_7.wav	0	9.32
wav/iwslt2024_bho-hi-1730-2019118185755_8.wav	0	14.64
wav/iwslt2024_bho-hi-1730-2019118185755_9.wav	0	3.56
wav/iwslt2024_bho-hi-1730-2019118185755_10.wav	0	11.08
wav/iwslt2024_bho-hi-1730-2019118185755_11.wav	0	5.4
wav/iwslt2024_bho-hi-1730-2019118185755_12.wav	0	13.8
wav/iwslt2024_bho-hi-1730-2019118185755_13.wav	0	9.92
wav/iwslt2024_bho-hi-1730-2019118185755_17.wav	0	4.16
wav/iwslt2024_bho-hi-1730-2019118185755_18.wav	0	8.24
wav/iwslt2024_bho-hi-1730-2019118185755_19.wav	0	13.36
wav/iwslt2024_bho-hi-1730-2019118185755_20.wav	0	6.92
wav/iwslt2024_bho-hi-1730-2019118185755_21.wav	0	8.04
wav/iwslt2024_bho-hi-1730-2019118185755_22.wav	0	9.64
wav/iwslt2024_bho-hi-1730-2019118185755_23.wav	0	9.04
wav/iwslt2024_bho-hi-1730-2019118185755_24.wav	0	10.68
wav/iwslt2024_bho-hi-1730-2019118185755_25.wav	0	14.8
wav/iwslt2024_bho-hi-1730-2019118185755_26.wav	0	11.12
wav/iwslt2024_bho-hi-1730-2019119184215_1.wav	0	9.72
wav/iwslt2024_bho-hi-1730-2019119184215_2.wav	0	2.24
wav/iwslt2024_bho-hi-1730-2019119184215_3.wav	0	5.12
wav/iwslt2024_bho-hi-1730-2019119184215_4.wav	0	4.44
wav/iwslt2024_bho-hi-1730-2019119184215_5.wav	0	6.28
wav/iwslt2024_bho-hi-1730-2019119184215_6.wav	0	3.36
wav/iwslt2024_bho-hi-1730-2019119184215_7.wav	0	5.6
wav/iwslt2024_bho-hi-1730-2019119184215_8.wav	0	5.28
wav/iwslt2024_bho-hi-1730-2019119184215_9.wav	0	8.72
wav/iwslt2024_bho-hi-1730-2019119184215_10.wav	0	12.32
wav/iwslt2024_bho-hi-1730-2019119184215_11.wav	0	10.4
wav/iwslt2024_bho-hi-1730-2019119184215_12.wav	0	11.12
wav/iwslt2024_bho-hi-1730-2019119184215_13.wav	0	4.4
wav/iwslt2024_bho-hi-1730-2019119184215_14.wav	0	8.8
wav/iwslt2024_bho-hi-1730-2019119184215_15.wav	0	10.04
wav/iwslt2024_bho-hi-1730-2019119184215_16.wav	0	3.76
wav/iwslt2024_bho-hi-1730-2019119184215_17.wav	0	3.56
wav/iwslt2024_bho-hi-1730-2019119184215_18.wav	0	5.28
wav/iwslt2024_bho-hi-1730-2019119184215_19.wav	0	9.56
wav/iwslt2024_bho-hi-1730-2019119184215_20.wav	0	1.72
wav/iwslt2024_bho-hi-1730-2019119184215_21.wav	0	6.16
wav/iwslt2024_bho-hi-1730-2019119184215_22.wav	0	5.32
wav/iwslt2024_bho-hi-1730-2019119184215_23.wav	0	4.08
wav/iwslt2024_bho-hi-1730-2019119184215_24.wav	0	5.24
wav/iwslt2024_bho-hi-1730-2019119184215_25.wav	0	5.8
wav/iwslt2024_bho-hi-1730-2019119184215_26.wav	0	7.16
wav/iwslt2024_bho-hi-1730-2019119184215_27.wav	0	4.84
wav/iwslt2024_bho-hi-1730-2019119184215_28.wav	0	5.68
wav/iwslt2024_bho-hi-1730-2019119184215_29.wav	0	5.12
wav/iwslt2024_bho-hi-1730-2019119184215_30.wav	0	6.8
wav/iwslt2024_bho-hi-1730-2019119184215_31.wav	0	6.36
wav/iwslt2024_bho-hi-1730-2019119184215_32.wav	0	5.8
wav/iwslt2024_bho-hi-1730-2019119184215_33.wav	0	5.52
wav/iwslt2024_bho-hi-1730-2019119184215_35.wav	0	12.32
wav/iwslt2024_bho-hi-1730-2019119192319_1.wav	0	4.88
wav/iwslt2024_bho-hi-1730-2019119192319_2.wav	0	10.6
wav/iwslt2024_bho-hi-1730-2019119192319_3.wav	0	4.36
wav/iwslt2024_bho-hi-1730-2019119192319_4.wav	0	7.52
wav/iwslt2024_bho-hi-1730-2019119192319_5.wav	0	6.32
wav/iwslt2024_bho-hi-1730-2019119192319_6.wav	0	10.44
wav/iwslt2024_bho-hi-1730-2019119192319_7.wav	0	5.2
wav/iwslt2024_bho-hi-1730-2019119192319_8.wav	0	7.12
wav/iwslt2024_bho-hi-1730-2019119192319_9.wav	0	7.32
wav/iwslt2024_bho-hi-1730-2019119192319_10.wav	0	12.24
wav/iwslt2024_bho-hi-1730-2019119192319_11.wav	0	9.64
wav/iwslt2024_bho-hi-1730-2019119192319_12.wav	0	6.44
wav/iwslt2024_bho-hi-1730-2019119192319_13.wav	0	10.84
wav/iwslt2024_bho-hi-1730-2019119192319_14.wav	0	9.72
wav/iwslt2024_bho-hi-1730-2019119192319_15.wav	0	6.56
wav/iwslt2024_bho-hi-1730-2019119192319_16.wav	0	6.44
wav/iwslt2024_bho-hi-1730-2019119192319_17.wav	0	6.44
wav/iwslt2024_bho-hi-1730-2019119192319_18.wav	0	10.28
wav/iwslt2024_bho-hi-1730-2019119192319_19.wav	0	8.72
wav/iwslt2024_bho-hi-1730-2019119192319_20.wav	0	7.36
wav/iwslt2024_bho-hi-1730-2019119192319_21.wav	0	5.76
wav/iwslt2024_bho-hi-1730-2019119192319_22.wav	0	7.44
wav/iwslt2024_bho-hi-1730-2019119192319_23.wav	0	5.48
wav/iwslt2024_bho-hi-1730-2019119192319_24.wav	0	12.56
wav/iwslt2024_bho-hi-1730-2019119192319_25.wav	0	14.36
wav/iwslt2024_bho-hi-1730-2019119192319_26.wav	0	2.36
wav/iwslt2024_bho-hi-1730-2019119192319_27.wav	0	5.16
wav/iwslt2024_bho-hi-1730-2019119192319_28.wav	0	12.12
wav/iwslt2024_bho-hi-1730-2019119192319_29.wav	0	10.92
wav/iwslt2024_bho-hi-1730-2019119192319_30.wav	0	9.72
wav/iwslt2024_bho-hi-1730-2019119192319_31.wav	0	11
wav/iwslt2024_bho-hi-1730-2019119192319_32.wav	0	1.8
wav/iwslt2024_bho-hi-1730-2019121191710_1.wav	0	10
wav/iwslt2024_bho-hi-1730-2019121191710_2.wav	0	6.24
wav/iwslt2024_bho-hi-1730-2019121191710_3.wav	0	6.92
wav/iwslt2024_bho-hi-1730-2019121191710_4.wav	0	9
wav/iwslt2024_bho-hi-1730-2019121191710_5.wav	0	13.12
wav/iwslt2024_bho-hi-1730-2019121191710_6.wav	0	12.48
wav/iwslt2024_bho-hi-1730-2019121191710_7.wav	0	4.72
wav/iwslt2024_bho-hi-1730-2019121191710_8.wav	0	6.4
wav/iwslt2024_bho-hi-1730-2019121191710_9.wav	0	6.2
wav/iwslt2024_bho-hi-1730-2019121191710_10.wav	0	8.64
wav/iwslt2024_bho-hi-1730-2019121191710_11.wav	0	10.84
wav/iwslt2024_bho-hi-1730-2019121191710_12.wav	0	5.8
wav/iwslt2024_bho-hi-1730-2019121191710_13.wav	0	10.04
wav/iwslt2024_bho-hi-1730-2019121191710_14.wav	0	4.28
wav/iwslt2024_bho-hi-1730-2019121191710_15.wav	0	3.24
wav/iwslt2024_bho-hi-1730-2019121191710_16.wav	0	9.32
wav/iwslt2024_bho-hi-1730-2019121191710_18.wav	0	2.44
wav/iwslt2024_bho-hi-1730-2019121191710_19.wav	0	2.56
wav/iwslt2024_bho-hi-1730-2019121191710_20.wav	0	4.24
wav/iwslt2024_bho-hi-1730-2019121191710_21.wav	0	14.8
wav/iwslt2024_bho-hi-1730-2019121191710_22.wav	0	3.08
wav/iwslt2024_bho-hi-1730-2019121191710_24.wav	0	1.72
wav/iwslt2024_bho-hi-1730-2019121191710_26.wav	0	3.16
wav/iwslt2024_bho-hi-1730-2019121191710_27.wav	0	4.04
wav/iwslt2024_bho-hi-1730-2019121191710_28.wav	0	2.76
wav/iwslt2024_bho-hi-1730-2019121191710_29.wav	0	8.04
wav/iwslt2024_bho-hi-1730-2019121191710_30.wav	0	4.96
wav/iwslt2024_bho-hi-1730-2019121191710_31.wav	0	7.72
wav/iwslt2024_bho-hi-1730-2019121191710_32.wav	0	5.64
wav/iwslt2024_bho-hi-1730-2019121191710_33.wav	0	5.64
wav/iwslt2024_bho-hi-1730-2019121191710_34.wav	0	11.24
wav/iwslt2024_bho-hi-1730-2019121191710_35.wav	0	3.28
wav/iwslt2024_bho-hi-1730-2019121191710_36.wav	0	3.08
wav/iwslt2024_bho-hi-1730-2019121191710_37.wav	0	6.56
wav/iwslt2024_bho-hi-1730-2019121191710_38.wav	0	3.96
wav/iwslt2024_bho-hi-1730-2019121191710_39.wav	0	14.96
wav/iwslt2024_bho-hi-1730-2019121191710_40.wav	0	3.56
wav/iwslt2024_bho-hi-1730-2019121191710_41.wav	0	1.96
wav/iwslt2024_bho-hi-1730-2019121191710_43.wav	0	5.84
wav/iwslt2024_bho-hi-1730-2019121519424_1.wav	0	3.8
wav/iwslt2024_bho-hi-1730-2019121519424_2.wav	0	9.08
wav/iwslt2024_bho-hi-1730-2019121519424_3.wav	0	11.84
wav/iwslt2024_bho-hi-1730-2019121519424_4.wav	0	6.64
wav/iwslt2024_bho-hi-1730-2019121519424_5.wav	0	4.6
wav/iwslt2024_bho-hi-1730-2019121519424_7.wav	0	6.96
wav/iwslt2024_bho-hi-1730-2019121519424_8.wav	0	8.12
wav/iwslt2024_bho-hi-1730-2019121519424_9.wav	0	5.88
wav/iwslt2024_bho-hi-1730-2019121519424_10.wav	0	6.12
wav/iwslt2024_bho-hi-1730-2019121519424_11.wav	0	6.36
wav/iwslt2024_bho-hi-1730-2019121519424_12.wav	0	8.96
wav/iwslt2024_bho-hi-1730-2019121519424_14.wav	0	7.44
wav/iwslt2024_bho-hi-1730-2019121519424_15.wav	0	11.32
wav/iwslt2024_bho-hi-1730-2019121519424_16.wav	0	14.48
wav/iwslt2024_bho-hi-1730-2019121519424_17.wav	0	5.56
wav/iwslt2024_bho-hi-1730-2019121519424_18.wav	0	9.44
wav/iwslt2024_bho-hi-1730-2019121519424_19.wav	0	10.92
wav/iwslt2024_bho-hi-1730-2019121519424_20.wav	0	10.6
wav/iwslt2024_bho-hi-1730-2019121519424_21.wav	0	3.96
wav/iwslt2024_bho-hi-1730-2019121519424_22.wav	0	8.08
wav/iwslt2024_bho-hi-1730-2019121519424_23.wav	0	7.2
wav/iwslt2024_bho-hi-1730-2019121519424_24.wav	0	7.24
wav/iwslt2024_bho-hi-1730-2019121519424_25.wav	0	4.52
wav/iwslt2024_bho-hi-1730-2019121519424_26.wav	0	7.12
wav/iwslt2024_bho-hi-1730-2019121519424_27.wav	0	3.96
wav/iwslt2024_bho-hi-1730-2019121519424_28.wav	0	10.32
wav/iwslt2024_bho-hi-1730-2019121519424_29.wav	0	7.68
wav/iwslt2024_bho-hi-1730-2019121519424_30.wav	0	5.52
wav/iwslt2024_bho-hi-1730-2019121519424_31.wav	0	6.52
wav/iwslt2024_bho-hi-1730-2019121519424_32.wav	0	5.08
wav/iwslt2024_bho-hi-1730-2019121519424_33.wav	0	9.36
wav/iwslt2024_bho-hi-1730-2019122118289_1.wav	0	10.2
wav/iwslt2024_bho-hi-1730-2019122118289_2.wav	0	6.16
wav/iwslt2024_bho-hi-1730-2019122118289_3.wav	0	9.52
wav/iwslt2024_bho-hi-1730-2019122118289_4.wav	0	8.68
wav/iwslt2024_bho-hi-1730-2019122118289_5.wav	0	7.6
wav/iwslt2024_bho-hi-1730-2019122118289_6.wav	0	7.28
wav/iwslt2024_bho-hi-1730-2019122118289_7.wav	0	9.88
wav/iwslt2024_bho-hi-1730-2019122118289_8.wav	0	8.92
wav/iwslt2024_bho-hi-1730-2019122118289_9.wav	0	5.4
wav/iwslt2024_bho-hi-1730-2019122118289_10.wav	0	7.28
wav/iwslt2024_bho-hi-1730-2019122118289_11.wav	0	4.56
wav/iwslt2024_bho-hi-1730-2019122118289_12.wav	0	4.36
wav/iwslt2024_bho-hi-1730-2019122118289_13.wav	0	6.48
wav/iwslt2024_bho-hi-1730-2019122118289_14.wav	0	5.52
wav/iwslt2024_bho-hi-1730-2019122118289_15.wav	0	7.24
wav/iwslt2024_bho-hi-1730-2019122118289_16.wav	0	10.2
wav/iwslt2024_bho-hi-1730-2019122118289_17.wav	0	5.08
wav/iwslt2024_bho-hi-1730-2019122118289_18.wav	0	6.12
wav/iwslt2024_bho-hi-1730-2019122118289_19.wav	0	5.32
wav/iwslt2024_bho-hi-1730-2019122118289_20.wav	0	8.72
wav/iwslt2024_bho-hi-1730-2019122118289_21.wav	0	10.36
wav/iwslt2024_bho-hi-1730-2019122118289_22.wav	0	4.84
wav/iwslt2024_bho-hi-1730-2019122118289_23.wav	0	8.4
wav/iwslt2024_bho-hi-1730-2019122118289_24.wav	0	12.68
wav/iwslt2024_bho-hi-1730-2019122118289_25.wav	0	5.32
wav/iwslt2024_bho-hi-1730-2019122118289_26.wav	0	9
wav/iwslt2024_bho-hi-1730-2019122118289_27.wav	0	4.36
wav/iwslt2024_bho-hi-1730-2019122118289_28.wav	0	5.72
wav/iwslt2024_bho-hi-1730-2019122118289_29.wav	0	8.96
wav/iwslt2024_bho-hi-1730-2019122118289_30.wav	0	4.48
wav/iwslt2024_bho-hi-1730-2019122118289_31.wav	0	9.56
wav/iwslt2024_bho-hi-1730-2019122118289_33.wav	0	14.2
wav/iwslt2024_bho-hi-1730-2019122191944_1.wav	0	3.04
wav/iwslt2024_bho-hi-1730-2019122191944_2.wav	0	2.56
wav/iwslt2024_bho-hi-1730-2019122191944_3.wav	0	4.4
wav/iwslt2024_bho-hi-1730-2019122191944_4.wav	0	4.52
wav/iwslt2024_bho-hi-1730-2019122191944_5.wav	0	3.44
wav/iwslt2024_bho-hi-1730-2019122191944_6.wav	0	10.12
wav/iwslt2024_bho-hi-1730-2019122191944_7.wav	0	1.92
wav/iwslt2024_bho-hi-1730-2019122191944_8.wav	0	4.52
wav/iwslt2024_bho-hi-1730-2019122191944_9.wav	0	2.32
wav/iwslt2024_bho-hi-1730-2019122191944_10.wav	0	8.92
wav/iwslt2024_bho-hi-1730-2019122191944_11.wav	0	5.28
wav/iwslt2024_bho-hi-1730-2019122191944_12.wav	0	5.6
wav/iwslt2024_bho-hi-1730-2019122191944_13.wav	0	7.92
wav/iwslt2024_bho-hi-1730-2019122191944_14.wav	0	11.84
wav/iwslt2024_bho-hi-1730-2019122191944_15.wav	0	5.72
wav/iwslt2024_bho-hi-1730-2019122191944_16.wav	0	10.6
wav/iwslt2024_bho-hi-1730-2019122191944_17.wav	0	6.56
wav/iwslt2024_bho-hi-1730-2019122191944_18.wav	0	5.8
wav/iwslt2024_bho-hi-1730-2019122191944_19.wav	0	6.44
wav/iwslt2024_bho-hi-1730-2019122191944_20.wav	0	5
wav/iwslt2024_bho-hi-1730-2019122191944_21.wav	0	5.48
wav/iwslt2024_bho-hi-1730-2019122191944_22.wav	0	7.84
wav/iwslt2024_bho-hi-1730-2019122191944_23.wav	0	7.88
wav/iwslt2024_bho-hi-1730-2019122191944_24.wav	0	7.52
wav/iwslt2024_bho-hi-1730-2019122191944_26.wav	0	4.16
wav/iwslt2024_bho-hi-1730-2019122191944_27.wav	0	6.24
wav/iwslt2024_bho-hi-1730-2019122191944_29.wav	0	2.4
wav/iwslt2024_bho-hi-1730-2019122191944_30.wav	0	9.24
wav/iwslt2024_bho-hi-1730-2019122191944_31.wav	0	3.64
wav/iwslt2024_bho-hi-1730-2019122191944_32.wav	0	6.76
wav/iwslt2024_bho-hi-1730-2019122191944_33.wav	0	2.12
wav/iwslt2024_bho-hi-1730-2019122191944_34.wav	0	4.52
wav/iwslt2024_bho-hi-1730-2019122191944_35.wav	0	4.72
wav/iwslt2024_bho-hi-1730-2019122191944_36.wav	0	8.24
wav/iwslt2024_bho-hi-1730-2019122191944_37.wav	0	9.16
wav/iwslt2024_bho-hi-1730-2019122213427_1.wav	0	10.48
wav/iwslt2024_bho-hi-1730-2019122213427_2.wav	0	6.64
wav/iwslt2024_bho-hi-1730-2019122213427_3.wav	0	3
wav/iwslt2024_bho-hi-1730-2019122213427_4.wav	0	6.84
wav/iwslt2024_bho-hi-1730-2019122213427_5.wav	0	4.52
wav/iwslt2024_bho-hi-1730-2019122213427_6.wav	0	3.12
wav/iwslt2024_bho-hi-1730-2019122213427_7.wav	0	9.28
wav/iwslt2024_bho-hi-1730-2019122213427_8.wav	0	7.24
wav/iwslt2024_bho-hi-1730-2019122213427_9.wav	0	5.4
wav/iwslt2024_bho-hi-1730-2019122213427_10.wav	0	9.84
wav/iwslt2024_bho-hi-1730-2019122213427_11.wav	0	4.36
wav/iwslt2024_bho-hi-1730-2019122213427_12.wav	0	4.36
wav/iwslt2024_bho-hi-1730-2019122213427_13.wav	0	5.12
wav/iwslt2024_bho-hi-1730-2019122213427_14.wav	0	12.96
wav/iwslt2024_bho-hi-1730-2019122213427_15.wav	0	8.64
wav/iwslt2024_bho-hi-1730-2019122213427_16.wav	0	4.28
wav/iwslt2024_bho-hi-1730-2019122213427_17.wav	0	5.44
wav/iwslt2024_bho-hi-1730-2019122213427_18.wav	0	2.16
wav/iwslt2024_bho-hi-1730-2019122213427_19.wav	0	6.8
wav/iwslt2024_bho-hi-1730-2019122213427_20.wav	0	11.2
wav/iwslt2024_bho-hi-1730-2019122213427_21.wav	0	8.24
wav/iwslt2024_bho-hi-1730-2019122213427_22.wav	0	5.08
wav/iwslt2024_bho-hi-1730-2019122213427_24.wav	0	8.04
wav/iwslt2024_bho-hi-1730-2019122213427_25.wav	0	8.28
wav/iwslt2024_bho-hi-1730-2019122213427_26.wav	0	8.44
wav/iwslt2024_bho-hi-1730-2019122213427_27.wav	0	2.72
wav/iwslt2024_bho-hi-1730-2019122213427_28.wav	0	7.24
wav/iwslt2024_bho-hi-1730-2019122213427_29.wav	0	8.96
wav/iwslt2024_bho-hi-1730-2019122213427_30.wav	0	6.16
wav/iwslt2024_bho-hi-1730-2019122213427_31.wav	0	11.32
wav/iwslt2024_bho-hi-1730-2019122213427_32.wav	0	5.4
wav/iwslt2024_bho-hi-1730-2019122213427_33.wav	0	3
wav/iwslt2024_bho-hi-1730-2019122213427_34.wav	0	3.64
wav/iwslt2024_bho-hi-1730-2019122213427_35.wav	0	6.44
wav/iwslt2024_bho-hi-1730-2019122213427_36.wav	0	11.04
wav/iwslt2024_bho-hi-1730-2019122213427_37.wav	0	14.72
wav/iwslt2024_bho-hi-1730-2019122719339_1.wav	0	7.72
wav/iwslt2024_bho-hi-1730-2019122719339_2.wav	0	5.84
wav/iwslt2024_bho-hi-1730-2019122719339_3.wav	0	6.44
wav/iwslt2024_bho-hi-1730-2019122719339_4.wav	0	7.08
wav/iwslt2024_bho-hi-1730-2019122719339_5.wav	0	9.6
wav/iwslt2024_bho-hi-1730-2019122719339_6.wav	0	6.68
wav/iwslt2024_bho-hi-1730-2019122719339_7.wav	0	4.84
wav/iwslt2024_bho-hi-1730-2019122719339_8.wav	0	9.64
wav/iwslt2024_bho-hi-1730-2019122719339_9.wav	0	6.72
wav/iwslt2024_bho-hi-1730-2019122719339_10.wav	0	9.8
wav/iwslt2024_bho-hi-1730-2019122719339_11.wav	0	8.8
wav/iwslt2024_bho-hi-1730-2019122719339_12.wav	0	8.28
wav/iwslt2024_bho-hi-1730-2019122719339_18.wav	0	4.76
wav/iwslt2024_bho-hi-1730-2019122719339_19.wav	0	8.6
wav/iwslt2024_bho-hi-1730-2019122719339_20.wav	0	5
wav/iwslt2024_bho-hi-1730-2019122719339_21.wav	0	10.96
wav/iwslt2024_bho-hi-1730-2019122719339_22.wav	0	5.84
wav/iwslt2024_bho-hi-1730-2019122719339_23.wav	0	12.52
wav/iwslt2024_bho-hi-1730-2019122719339_24.wav	0	5.28
wav/iwslt2024_bho-hi-1730-2019122719339_25.wav	0	10.44
wav/iwslt2024_bho-hi-1730-2019123203657_1.wav	0	8.32
wav/iwslt2024_bho-hi-1730-2019123203657_2.wav	0	10.04
wav/iwslt2024_bho-hi-1730-2019123203657_3.wav	0	8.6
wav/iwslt2024_bho-hi-1730-2019123203657_4.wav	0	6.12
wav/iwslt2024_bho-hi-1730-2019123203657_5.wav	0	9
wav/iwslt2024_bho-hi-1730-2019123203657_6.wav	0	7.12
wav/iwslt2024_bho-hi-1730-2019123203657_7.wav	0	6.72
wav/iwslt2024_bho-hi-1730-2019123203657_8.wav	0	2.92
wav/iwslt2024_bho-hi-1730-2019123203657_9.wav	0	10.6
wav/iwslt2024_bho-hi-1730-2019123203657_10.wav	0	10.64
wav/iwslt2024_bho-hi-1730-2019123203657_11.wav	0	5
wav/iwslt2024_bho-hi-1730-2019123203657_12.wav	0	8.04
wav/iwslt2024_bho-hi-1730-2019123203657_13.wav	0	7.48
wav/iwslt2024_bho-hi-1730-2019123203657_14.wav	0	8.84
wav/iwslt2024_bho-hi-1730-2019123203657_15.wav	0	8.88
wav/iwslt2024_bho-hi-1730-2019123203657_16.wav	0	5.88
wav/iwslt2024_bho-hi-1730-2019123203657_17.wav	0	6.44
wav/iwslt2024_bho-hi-1730-2019123203657_18.wav	0	8.04
wav/iwslt2024_bho-hi-1730-2019123203657_19.wav	0	9.24
wav/iwslt2024_bho-hi-1730-2019123203657_20.wav	0	8.84
wav/iwslt2024_bho-hi-1730-2019123203657_21.wav	0	7.96
wav/iwslt2024_bho-hi-1730-2019123203657_22.wav	0	7.12
wav/iwslt2024_bho-hi-1730-2019123203657_23.wav	0	8.44
wav/iwslt2024_bho-hi-1730-2019123203657_24.wav	0	5.08
wav/iwslt2024_bho-hi-1730-2019123203657_25.wav	0	3.52
wav/iwslt2024_bho-hi-1730-2019123203657_26.wav	0	9.6
wav/iwslt2024_bho-hi-1730-2019123203657_27.wav	0	10.04
wav/iwslt2024_bho-hi-1730-2019123203657_28.wav	0	5.12
wav/iwslt2024_bho-hi-1730-2019123203657_29.wav	0	5.36
wav/iwslt2024_bho-hi-1730-2019123203657_30.wav	0	9.16
wav/iwslt2024_bho-hi-1730-2019123203657_31.wav	0	7.28
wav/iwslt2024_bho-hi-1730-2019123203657_32.wav	0	1.96
wav/iwslt2024_bho-hi-1730-2019123203657_34.wav	0	8.56
wav/iwslt2024_bho-hi-1730-2019123203657_35.wav	0	11.4
wav/iwslt2024_bho-hi-1730-2019123203657_36.wav	0	8.2
wav/iwslt2024_bho-hi-1730-2019124183214_1.wav	0	4.64
wav/iwslt2024_bho-hi-1730-2019124183214_2.wav	0	8.36
wav/iwslt2024_bho-hi-1730-2019124183214_3.wav	0	7.28
wav/iwslt2024_bho-hi-1730-2019124183214_4.wav	0	3.48
wav/iwslt2024_bho-hi-1730-2019124183214_5.wav	0	4.56
wav/iwslt2024_bho-hi-1730-2019124183214_7.wav	0	3.68
wav/iwslt2024_bho-hi-1730-2019124183214_8.wav	0	14.28
wav/iwslt2024_bho-hi-1730-2019124183214_10.wav	0	1.52
wav/iwslt2024_bho-hi-1730-2019124183214_11.wav	0	4.72
wav/iwslt2024_bho-hi-1730-2019124183214_12.wav	0	7.68
wav/iwslt2024_bho-hi-1730-2019124183214_13.wav	0	6.72
wav/iwslt2024_bho-hi-1730-2019124183214_14.wav	0	10.64
wav/iwslt2024_bho-hi-1730-2019124183214_15.wav	0	7.16
wav/iwslt2024_bho-hi-1730-2019124183214_16.wav	0	3.84
wav/iwslt2024_bho-hi-1730-2019124183214_17.wav	0	2.04
wav/iwslt2024_bho-hi-1730-2019124183214_19.wav	0	5.52
wav/iwslt2024_bho-hi-1730-2019124183214_20.wav	0	10.56
wav/iwslt2024_bho-hi-1730-2019124183214_21.wav	0	8.48
wav/iwslt2024_bho-hi-1730-2019124183214_22.wav	0	7.76
wav/iwslt2024_bho-hi-1730-2019124183214_23.wav	0	3.16
wav/iwslt2024_bho-hi-1730-2019124183214_24.wav	0	4.72
wav/iwslt2024_bho-hi-1730-2019124183214_25.wav	0	6
wav/iwslt2024_bho-hi-1730-2019124183214_26.wav	0	10.24
wav/iwslt2024_bho-hi-1730-2019124183214_27.wav	0	5.2
wav/iwslt2024_bho-hi-1730-2019124183214_29.wav	0	7.04
wav/iwslt2024_bho-hi-1730-2019124183214_30.wav	0	13.52
wav/iwslt2024_bho-hi-1730-2019124183214_31.wav	0	5.36
wav/iwslt2024_bho-hi-1730-2019124183214_32.wav	0	11.28
wav/iwslt2024_bho-hi-1730-2019124183214_33.wav	0	5.84
wav/iwslt2024_bho-hi-1730-2019124183214_34.wav	0	7.84
wav/iwslt2024_bho-hi-1730-2019124192519_1.wav	0	6.32
wav/iwslt2024_bho-hi-1730-2019124192519_2.wav	0	6.52
wav/iwslt2024_bho-hi-1730-2019124192519_3.wav	0	3.04
wav/iwslt2024_bho-hi-1730-2019124192519_5.wav	0	11.64
wav/iwslt2024_bho-hi-1730-2019124192519_6.wav	0	3.52
wav/iwslt2024_bho-hi-1730-2019124192519_7.wav	0	5.12
wav/iwslt2024_bho-hi-1730-2019124192519_8.wav	0	3.36
wav/iwslt2024_bho-hi-1730-2019124192519_9.wav	0	13.28
wav/iwslt2024_bho-hi-1730-2019124192519_10.wav	0	4.12
wav/iwslt2024_bho-hi-1730-2019124192519_11.wav	0	3.32
wav/iwslt2024_bho-hi-1730-2019124192519_12.wav	0	11.2
wav/iwslt2024_bho-hi-1730-2019124192519_13.wav	0	6.12
wav/iwslt2024_bho-hi-1730-2019124192519_14.wav	0	7.52
wav/iwslt2024_bho-hi-1730-2019124192519_15.wav	0	5.84
wav/iwslt2024_bho-hi-1730-2019124192519_16.wav	0	7.28
wav/iwslt2024_bho-hi-1730-2019124192519_17.wav	0	3.56
wav/iwslt2024_bho-hi-1730-2019124192519_18.wav	0	11.84
wav/iwslt2024_bho-hi-1730-2019124192519_19.wav	0	9.2
wav/iwslt2024_bho-hi-1730-2019124192519_21.wav	0	6.24
wav/iwslt2024_bho-hi-1730-2019124192519_22.wav	0	6.24
wav/iwslt2024_bho-hi-1730-2019124192519_23.wav	0	6.56
wav/iwslt2024_bho-hi-1730-2019124192519_24.wav	0	6.4
wav/iwslt2024_bho-hi-1730-2019124192519_25.wav	0	5.44
wav/iwslt2024_bho-hi-1730-2019124192519_26.wav	0	13.72
wav/iwslt2024_bho-hi-1730-2019124192519_27.wav	0	6.88
wav/iwslt2024_bho-hi-1730-2019124192519_28.wav	0	4.32
wav/iwslt2024_bho-hi-1730-2019124192519_29.wav	0	6.72
wav/iwslt2024_bho-hi-1730-2019124192519_30.wav	0	3.56
wav/iwslt2024_bho-hi-1730-2019124192519_32.wav	0	9.76
wav/iwslt2024_bho-hi-1730-2019124192519_34.wav	0	9.2
wav/iwslt2024_bho-hi-1730-2019125192810_1.wav	0	7.32
wav/iwslt2024_bho-hi-1730-2019125192810_2.wav	0	6.88
wav/iwslt2024_bho-hi-1730-2019125192810_3.wav	0	8.36
wav/iwslt2024_bho-hi-1730-2019125192810_4.wav	0	8.72
wav/iwslt2024_bho-hi-1730-2019125192810_5.wav	0	9
wav/iwslt2024_bho-hi-1730-2019125192810_6.wav	0	7.4
wav/iwslt2024_bho-hi-1730-2019125192810_8.wav	0	8.88
wav/iwslt2024_bho-hi-1730-2019125192810_9.wav	0	4.68
wav/iwslt2024_bho-hi-1730-2019125192810_10.wav	0	6.52
wav/iwslt2024_bho-hi-1730-2019125192810_11.wav	0	9.88
wav/iwslt2024_bho-hi-1730-2019125192810_12.wav	0	8.52
wav/iwslt2024_bho-hi-1730-2019125192810_13.wav	0	4.88
wav/iwslt2024_bho-hi-1730-2019125192810_14.wav	0	7.04
wav/iwslt2024_bho-hi-1730-2019125192810_15.wav	0	2
wav/iwslt2024_bho-hi-1730-2019125192810_16.wav	0	7.64
wav/iwslt2024_bho-hi-1730-2019125192810_17.wav	0	6.92
wav/iwslt2024_bho-hi-1730-2019125192810_18.wav	0	5.24
wav/iwslt2024_bho-hi-1730-2019125192810_19.wav	0	4.28
wav/iwslt2024_bho-hi-1730-2019125192810_20.wav	0	3.68
wav/iwslt2024_bho-hi-1730-2019125192810_21.wav	0	3.32
wav/iwslt2024_bho-hi-1730-2019125192810_22.wav	0	6.6
wav/iwslt2024_bho-hi-1730-2019125192810_23.wav	0	6.4
wav/iwslt2024_bho-hi-1730-2019125192810_24.wav	0	3.76
wav/iwslt2024_bho-hi-1730-2019125192810_25.wav	0	4.04
wav/iwslt2024_bho-hi-1730-2019125192810_26.wav	0	3.6
wav/iwslt2024_bho-hi-1730-2019125192810_27.wav	0	9.6
wav/iwslt2024_bho-hi-1730-2019125192810_28.wav	0	6.36
wav/iwslt2024_bho-hi-1730-2019125192810_29.wav	0	11.8
wav/iwslt2024_bho-hi-1730-2019125192810_30.wav	0	8.2
wav/iwslt2024_bho-hi-1730-2019125192810_31.wav	0	3.76
wav/iwslt2024_bho-hi-1730-2019125192810_32.wav	0	2.64
wav/iwslt2024_bho-hi-1730-2019125192810_33.wav	0	8.44
wav/iwslt2024_bho-hi-1730-2019125192810_34.wav	0	10
wav/iwslt2024_bho-hi-1730-2019125192810_35.wav	0	3.88
wav/iwslt2024_bho-hi-1730-2019125192810_36.wav	0	3.32
wav/iwslt2024_bho-hi-1730-2019125192810_37.wav	0	4.16
wav/iwslt2024_bho-hi-1730-2019125192810_38.wav	0	10.88
wav/iwslt2024_bho-hi-1730-2019125192810_39.wav	0	2.2
wav/iwslt2024_bho-hi-1730-2019125192810_40.wav	0	9.48
wav/iwslt2024_bho-hi-1730-2019125192810_41.wav	0	8.28
wav/iwslt2024_bho-hi-1730-2019125192810_42.wav	0	13.48
wav/iwslt2024_bho-hi-1730-2019125194836_2.wav	0	2.04
wav/iwslt2024_bho-hi-1730-2019125194836_3.wav	0	10.12
wav/iwslt2024_bho-hi-1730-2019125194836_5.wav	0	10.36
wav/iwslt2024_bho-hi-1730-2019125194836_6.wav	0	9.24
wav/iwslt2024_bho-hi-1730-2019125194836_7.wav	0	7.08
wav/iwslt2024_bho-hi-1730-2019125194836_8.wav	0	3.64
wav/iwslt2024_bho-hi-1730-2019125194836_9.wav	0	5.32
wav/iwslt2024_bho-hi-1730-2019125194836_10.wav	0	8.8
wav/iwslt2024_bho-hi-1730-2019125194836_12.wav	0	7.12
wav/iwslt2024_bho-hi-1730-2019125194836_13.wav	0	9.12
wav/iwslt2024_bho-hi-1730-2019125194836_15.wav	0	10.12
wav/iwslt2024_bho-hi-1730-2019125194836_16.wav	0	3.48
wav/iwslt2024_bho-hi-1730-2019125194836_17.wav	0	9.12
wav/iwslt2024_bho-hi-1730-2019125194836_18.wav	0	6.2
wav/iwslt2024_bho-hi-1730-2019125194836_20.wav	0	8.68
wav/iwslt2024_bho-hi-1730-2019125194836_21.wav	0	2.52
wav/iwslt2024_bho-hi-1730-2019125194836_22.wav	0	11.48
wav/iwslt2024_bho-hi-1730-2019125194836_23.wav	0	7.64
wav/iwslt2024_bho-hi-1730-2019125194836_25.wav	0	3.12
wav/iwslt2024_bho-hi-1730-2019125194836_27.wav	0	7.2
wav/iwslt2024_bho-hi-1730-2019125194836_29.wav	0	3.88
wav/iwslt2024_bho-hi-1730-2019125194836_30.wav	0	4.68
wav/iwslt2024_bho-hi-1730-2019126194230_1.wav	0	8.52
wav/iwslt2024_bho-hi-1730-2019126194230_2.wav	0	7.28
wav/iwslt2024_bho-hi-1730-2019126194230_3.wav	0	6.36
wav/iwslt2024_bho-hi-1730-2019126194230_4.wav	0	6.76
wav/iwslt2024_bho-hi-1730-2019126194230_5.wav	0	6.8
wav/iwslt2024_bho-hi-1730-2019126194230_6.wav	0	4.64
wav/iwslt2024_bho-hi-1730-2019126194230_7.wav	0	10.32
wav/iwslt2024_bho-hi-1730-2019126194230_8.wav	0	6.96
wav/iwslt2024_bho-hi-1730-2019126194230_9.wav	0	5.12
wav/iwslt2024_bho-hi-1730-2019126194230_10.wav	0	6.04
wav/iwslt2024_bho-hi-1730-2019126194230_11.wav	0	7.6
wav/iwslt2024_bho-hi-1730-2019126194230_12.wav	0	5.92
wav/iwslt2024_bho-hi-1730-2019126194230_13.wav	0	3.68
wav/iwslt2024_bho-hi-1730-2019126194230_14.wav	0	9.52
wav/iwslt2024_bho-hi-1730-2019126194230_18.wav	0	4.64
wav/iwslt2024_bho-hi-1730-2019126194230_19.wav	0	4.32
wav/iwslt2024_bho-hi-1730-2019126194230_20.wav	0	3.24
wav/iwslt2024_bho-hi-1730-2019126194230_21.wav	0	3.08
wav/iwslt2024_bho-hi-1730-2019126194230_22.wav	0	4.04
wav/iwslt2024_bho-hi-1730-2019126194230_23.wav	0	5.12
wav/iwslt2024_bho-hi-1730-2019126194230_24.wav	0	6.32
wav/iwslt2024_bho-hi-1730-2019126194230_25.wav	0	5.96
wav/iwslt2024_bho-hi-1730-2019126194230_26.wav	0	6.68
wav/iwslt2024_bho-hi-1730-2019126194230_27.wav	0	4.6
wav/iwslt2024_bho-hi-1730-2019126194230_28.wav	0	5.12
wav/iwslt2024_bho-hi-1730-2019126194230_29.wav	0	8.16
wav/iwslt2024_bho-hi-1730-2019126194230_30.wav	0	5.56
wav/iwslt2024_bho-hi-1730-2019126194230_31.wav	0	5
wav/iwslt2024_bho-hi-1730-2019126194230_32.wav	0	11.96
wav/iwslt2024_bho-hi-1730-2019126194230_33.wav	0	13.76
wav/iwslt2024_bho-hi-1730-2019126194230_34.wav	0	5
wav/iwslt2024_bho-hi-1730-2019126194230_35.wav	0	7.12
wav/iwslt2024_bho-hi-1730-2019126194230_36.wav	0	7.44
wav/iwslt2024_bho-hi-1730-2019126194230_37.wav	0	11.16
wav/iwslt2024_bho-hi-1730-2019126194230_38.wav	0	6.44
wav/iwslt2024_bho-hi-1730-2019126194230_39.wav	0	6.16
wav/iwslt2024_bho-hi-1730-2019126194230_40.wav	0	7.4
wav/iwslt2024_bho-hi-1730-2019126194230_41.wav	0	2.32
wav/iwslt2024_bho-hi-1730-2019126194230_42.wav	0	12.72
wav/iwslt2024_bho-hi-1730-2019127192317_1.wav	0	2.36
wav/iwslt2024_bho-hi-1730-2019127192317_2.wav	0	5.92
wav/iwslt2024_bho-hi-1730-2019127192317_3.wav	0	2.56
wav/iwslt2024_bho-hi-1730-2019127192317_4.wav	0	6.48
wav/iwslt2024_bho-hi-1730-2019127192317_5.wav	0	6.92
wav/iwslt2024_bho-hi-1730-2019127192317_6.wav	0	5.24
wav/iwslt2024_bho-hi-1730-2019127192317_7.wav	0	9.6
wav/iwslt2024_bho-hi-1730-2019127192317_8.wav	0	11.08
wav/iwslt2024_bho-hi-1730-2019127192317_9.wav	0	5.8
wav/iwslt2024_bho-hi-1730-2019127192317_10.wav	0	5.68
wav/iwslt2024_bho-hi-1730-2019127192317_11.wav	0	14.96
wav/iwslt2024_bho-hi-1730-2019127192317_12.wav	0	8.04
wav/iwslt2024_bho-hi-1730-2019127192317_13.wav	0	5.24
wav/iwslt2024_bho-hi-1730-2019127192317_14.wav	0	5.48
wav/iwslt2024_bho-hi-1730-2019127192317_15.wav	0	8.4
wav/iwslt2024_bho-hi-1730-2019127192317_16.wav	0	14.84
wav/iwslt2024_bho-hi-1730-2019127192317_17.wav	0	8.12
wav/iwslt2024_bho-hi-1730-2019127192317_18.wav	0	5.04
wav/iwslt2024_bho-hi-1730-2019127192317_19.wav	0	1.56
wav/iwslt2024_bho-hi-1730-2019127192317_20.wav	0	9.64
wav/iwslt2024_bho-hi-1730-2019127192317_23.wav	0	4
wav/iwslt2024_bho-hi-1730-2019127192317_25.wav	0	2.56
wav/iwslt2024_bho-hi-1730-2019127192317_26.wav	0	3.8
wav/iwslt2024_bho-hi-1730-2019127192317_27.wav	0	3.8
wav/iwslt2024_bho-hi-1730-2019127192317_28.wav	0	4.84
wav/iwslt2024_bho-hi-1730-2019127192317_29.wav	0	7.76
wav/iwslt2024_bho-hi-1730-2019127192317_30.wav	0	8.68
wav/iwslt2024_bho-hi-1730-2019127192317_31.wav	0	9.12
wav/iwslt2024_bho-hi-1730-2019127192317_32.wav	0	6.28
wav/iwslt2024_bho-hi-1730-2019127192317_33.wav	0	8.48
wav/iwslt2024_bho-hi-1730-2019127192317_35.wav	0	7.6
wav/iwslt2024_bho-hi-1730-2019127192317_36.wav	0	6.24
wav/iwslt2024_bho-hi-1730-2019127192317_37.wav	0	5
wav/iwslt2024_bho-hi-1730-2019127201846_1.wav	0	7.8
wav/iwslt2024_bho-hi-1730-2019127201846_2.wav	0	8.68
wav/iwslt2024_bho-hi-1730-2019127201846_3.wav	0	11.28
wav/iwslt2024_bho-hi-1730-2019127201846_4.wav	0	5.48
wav/iwslt2024_bho-hi-1730-2019127201846_5.wav	0	2.64
wav/iwslt2024_bho-hi-1730-2019127201846_6.wav	0	9.64
wav/iwslt2024_bho-hi-1730-2019127201846_7.wav	0	5.4
wav/iwslt2024_bho-hi-1730-2019127201846_8.wav	0	7.28
wav/iwslt2024_bho-hi-1730-2019127201846_9.wav	0	9.16
wav/iwslt2024_bho-hi-1730-2019127201846_10.wav	0	5.08
wav/iwslt2024_bho-hi-1730-2019127201846_11.wav	0	4.56
wav/iwslt2024_bho-hi-1730-2019127201846_12.wav	0	8.32
wav/iwslt2024_bho-hi-1730-2019127201846_13.wav	0	11
wav/iwslt2024_bho-hi-1730-2019127201846_14.wav	0	10.64
wav/iwslt2024_bho-hi-1730-2019127201846_15.wav	0	7.52
wav/iwslt2024_bho-hi-1730-2019127201846_16.wav	0	11.96
wav/iwslt2024_bho-hi-1730-2019127201846_17.wav	0	7.92
wav/iwslt2024_bho-hi-1730-2019127201846_18.wav	0	7
wav/iwslt2024_bho-hi-1730-2019127201846_19.wav	0	6.88
wav/iwslt2024_bho-hi-1730-2019127201846_20.wav	0	7.16
wav/iwslt2024_bho-hi-1730-2019127201846_21.wav	0	8.24
wav/iwslt2024_bho-hi-1730-2019127201846_22.wav	0	7.32
wav/iwslt2024_bho-hi-1730-2019127201846_25.wav	0	7.24
wav/iwslt2024_bho-hi-1730-2019127201846_26.wav	0	7.16
wav/iwslt2024_bho-hi-1730-2019127201846_27.wav	0	7.08
wav/iwslt2024_bho-hi-1730-2019127201846_28.wav	0	6.36
wav/iwslt2024_bho-hi-1730-2019127201846_29.wav	0	7.84
wav/iwslt2024_bho-hi-1730-2019127201846_30.wav	0	6.08
wav/iwslt2024_bho-hi-1730-2019127201846_31.wav	0	5.36
wav/iwslt2024_bho-hi-1730-2019127201846_32.wav	0	7.12
wav/iwslt2024_bho-hi-1730-2019127201846_33.wav	0	11.52
wav/iwslt2024_bho-hi-1730-2019128183530_1.wav	0	9.84
wav/iwslt2024_bho-hi-1730-2019128183530_2.wav	0	8.44
wav/iwslt2024_bho-hi-1730-2019128183530_3.wav	0	8.04
wav/iwslt2024_bho-hi-1730-2019128183530_4.wav	0	6.16
wav/iwslt2024_bho-hi-1730-2019128183530_5.wav	0	7.72
wav/iwslt2024_bho-hi-1730-2019128183530_6.wav	0	11.24
wav/iwslt2024_bho-hi-1730-2019128183530_7.wav	0	5.36
wav/iwslt2024_bho-hi-1730-2019128183530_8.wav	0	8.36
wav/iwslt2024_bho-hi-1730-2019128183530_9.wav	0	5.48
wav/iwslt2024_bho-hi-1730-2019128183530_10.wav	0	3.6
wav/iwslt2024_bho-hi-1730-2019128183530_11.wav	0	9.6
wav/iwslt2024_bho-hi-1730-2019128183530_12.wav	0	4.56
wav/iwslt2024_bho-hi-1730-2019128183530_13.wav	0	10.28
wav/iwslt2024_bho-hi-1730-2019128183530_14.wav	0	4.04
wav/iwslt2024_bho-hi-1730-2019128183530_15.wav	0	7.88
wav/iwslt2024_bho-hi-1730-2019128183530_16.wav	0	8.88
wav/iwslt2024_bho-hi-1730-2019128183530_17.wav	0	5.16
wav/iwslt2024_bho-hi-1730-2019128183530_18.wav	0	9.48
wav/iwslt2024_bho-hi-1730-2019128183530_20.wav	0	5.04
wav/iwslt2024_bho-hi-1730-2019128183530_21.wav	0	6.88
wav/iwslt2024_bho-hi-1730-2019128183530_22.wav	0	5.52
wav/iwslt2024_bho-hi-1730-2019128183530_23.wav	0	13.28
wav/iwslt2024_bho-hi-1730-2019128183530_24.wav	0	5.36
wav/iwslt2024_bho-hi-1730-2019128183530_25.wav	0	9.96
wav/iwslt2024_bho-hi-1730-2019128183530_26.wav	0	9.36
wav/iwslt2024_bho-hi-1730-2019128183530_27.wav	0	6.24
wav/iwslt2024_bho-hi-1730-2019128183530_28.wav	0	5.68
wav/iwslt2024_bho-hi-1730-2019128183530_29.wav	0	5.84
wav/iwslt2024_bho-hi-1730-2019128183530_30.wav	0	9.64
wav/iwslt2024_bho-hi-1730-2019128183530_31.wav	0	8.4
wav/iwslt2024_bho-hi-1730-2019128183530_33.wav	0	13.56
wav/iwslt2024_bho-hi-1730-2019128183530_34.wav	0	4.64
wav/iwslt2024_bho-hi-1730-2019128183530_35.wav	0	6.24
wav/iwslt2024_bho-hi-1730-2019128192746_1.wav	0	7.68
wav/iwslt2024_bho-hi-1730-2019128192746_2.wav	0	9.16
wav/iwslt2024_bho-hi-1730-2019128192746_3.wav	0	8.92
wav/iwslt2024_bho-hi-1730-2019128192746_4.wav	0	11.08
wav/iwslt2024_bho-hi-1730-2019128192746_5.wav	0	3.92
wav/iwslt2024_bho-hi-1730-2019128192746_6.wav	0	3.8
wav/iwslt2024_bho-hi-1730-2019128192746_7.wav	0	4.56
wav/iwslt2024_bho-hi-1730-2019128192746_8.wav	0	5.64
wav/iwslt2024_bho-hi-1730-2019128192746_9.wav	0	4.08
wav/iwslt2024_bho-hi-1730-2019128192746_10.wav	0	2.92
wav/iwslt2024_bho-hi-1730-2019128192746_11.wav	0	6.84
wav/iwslt2024_bho-hi-1730-2019128192746_12.wav	0	6.4
wav/iwslt2024_bho-hi-1730-2019128192746_13.wav	0	7.96
wav/iwslt2024_bho-hi-1730-2019128192746_14.wav	0	6.88
wav/iwslt2024_bho-hi-1730-2019128192746_15.wav	0	4.48
wav/iwslt2024_bho-hi-1730-2019128192746_16.wav	0	5.52
wav/iwslt2024_bho-hi-1730-2019128192746_17.wav	0	4
wav/iwslt2024_bho-hi-1730-2019128192746_18.wav	0	3.44
wav/iwslt2024_bho-hi-1730-2019128192746_19.wav	0	8.44
wav/iwslt2024_bho-hi-1730-2019128192746_20.wav	0	6.52
wav/iwslt2024_bho-hi-1730-2019128192746_21.wav	0	8.8
wav/iwslt2024_bho-hi-1730-2019128192746_22.wav	0	4.24
wav/iwslt2024_bho-hi-1730-2019128192746_23.wav	0	4.44
wav/iwslt2024_bho-hi-1730-2019128192746_24.wav	0	3.08
wav/iwslt2024_bho-hi-1730-2019128192746_25.wav	0	7.4
wav/iwslt2024_bho-hi-1730-2019128192746_26.wav	0	7.2
wav/iwslt2024_bho-hi-1730-2019128192746_27.wav	0	6.56
wav/iwslt2024_bho-hi-1730-2019128192746_28.wav	0	5.08
wav/iwslt2024_bho-hi-1730-2019128192746_29.wav	0	7.24
wav/iwslt2024_bho-hi-1730-2019128192746_30.wav	0	4.52
wav/iwslt2024_bho-hi-1730-2019128192746_31.wav	0	9.92
wav/iwslt2024_bho-hi-1730-2019128192746_32.wav	0	8.84
wav/iwslt2024_bho-hi-1730-2019128192746_33.wav	0	3.72
wav/iwslt2024_bho-hi-1730-2019128192746_34.wav	0	9.52
wav/iwslt2024_bho-hi-1730-2019128192746_35.wav	0	13.72
wav/iwslt2024_bho-hi-1730-2019128192746_36.wav	0	5.76
wav/iwslt2024_bho-hi-1730-2019128192746_37.wav	0	7.8
wav/iwslt2024_bho-hi-1730-2019129192713_1.wav	0	6.2
wav/iwslt2024_bho-hi-1730-2019129192713_2.wav	0	8.68
wav/iwslt2024_bho-hi-1730-2019129192713_3.wav	0	7.12
wav/iwslt2024_bho-hi-1730-2019129192713_4.wav	0	5.64
wav/iwslt2024_bho-hi-1730-2019129192713_5.wav	0	6.64
wav/iwslt2024_bho-hi-1730-2019129192713_6.wav	0	5.52
wav/iwslt2024_bho-hi-1730-2019129192713_7.wav	0	5.04
wav/iwslt2024_bho-hi-1730-2019129192713_8.wav	0	7.16
wav/iwslt2024_bho-hi-1730-2019129192713_10.wav	0	12.2
wav/iwslt2024_bho-hi-1730-2019129192713_11.wav	0	6.12
wav/iwslt2024_bho-hi-1730-2019129192713_12.wav	0	5.24
wav/iwslt2024_bho-hi-1730-2019129192713_13.wav	0	5.68
wav/iwslt2024_bho-hi-1730-2019129192713_14.wav	0	5
wav/iwslt2024_bho-hi-1730-2019129192713_15.wav	0	8.28
wav/iwslt2024_bho-hi-1730-2019129192713_16.wav	0	8.32
wav/iwslt2024_bho-hi-1730-2019129192713_17.wav	0	6.76
wav/iwslt2024_bho-hi-1730-2019129192713_18.wav	0	8.84
wav/iwslt2024_bho-hi-1730-2019129192713_19.wav	0	6.4
wav/iwslt2024_bho-hi-1730-2019129192713_20.wav	0	3.88
wav/iwslt2024_bho-hi-1730-2019129192713_21.wav	0	5.16
wav/iwslt2024_bho-hi-1730-2019129192713_22.wav	0	5.76
wav/iwslt2024_bho-hi-1730-2019129192713_23.wav	0	8.36
wav/iwslt2024_bho-hi-1730-2019129192713_24.wav	0	10.72
wav/iwslt2024_bho-hi-1730-2019129192713_25.wav	0	5.84
wav/iwslt2024_bho-hi-1730-2019129192713_26.wav	0	12.92
wav/iwslt2024_bho-hi-1730-2019129192713_27.wav	0	8
wav/iwslt2024_bho-hi-1730-2019129192713_28.wav	0	7
wav/iwslt2024_bho-hi-1730-2019129192713_29.wav	0	9.8
wav/iwslt2024_bho-hi-1730-2019129192713_30.wav	0	8.68
wav/iwslt2024_bho-hi-1730-2019129192713_31.wav	0	11.52
wav/iwslt2024_bho-hi-1730-2019129192713_32.wav	0	6.36
wav/iwslt2024_bho-hi-1730-2019129192713_33.wav	0	10.36
wav/iwslt2024_bho-hi-1730-2019211191434_1.wav	0	14.92
wav/iwslt2024_bho-hi-1730-2019211191434_2.wav	0	4.56
wav/iwslt2024_bho-hi-1730-2019211191434_3.wav	0	7.4
wav/iwslt2024_bho-hi-1730-2019211191434_4.wav	0	8.6
wav/iwslt2024_bho-hi-1730-2019211191434_5.wav	0	7.52
wav/iwslt2024_bho-hi-1730-2019211191434_6.wav	0	5.72
wav/iwslt2024_bho-hi-1730-2019211191434_7.wav	0	12.68
wav/iwslt2024_bho-hi-1730-2019211191434_8.wav	0	10.12
wav/iwslt2024_bho-hi-1730-2019211191434_9.wav	0	8.2
wav/iwslt2024_bho-hi-1730-2019211191434_10.wav	0	11.32
wav/iwslt2024_bho-hi-1730-2019211191434_11.wav	0	12.88
wav/iwslt2024_bho-hi-1730-2019211191434_12.wav	0	6.24
wav/iwslt2024_bho-hi-1730-2019211191434_13.wav	0	2.72
wav/iwslt2024_bho-hi-1730-2019211191434_14.wav	0	3.44
wav/iwslt2024_bho-hi-1730-2019211191434_15.wav	0	10.28
wav/iwslt2024_bho-hi-1730-2019211191434_16.wav	0	14.48
wav/iwslt2024_bho-hi-1730-2019211191434_17.wav	0	13.2
wav/iwslt2024_bho-hi-1730-2019211191434_18.wav	0	6.12
wav/iwslt2024_bho-hi-1730-2019211191434_19.wav	0	6.76
wav/iwslt2024_bho-hi-1730-2019211191434_20.wav	0	11.08
wav/iwslt2024_bho-hi-1730-2019211191434_21.wav	0	3.04
wav/iwslt2024_bho-hi-1730-2019211191434_22.wav	0	2.36
wav/iwslt2024_bho-hi-1730-2019211191434_24.wav	0	4.48
wav/iwslt2024_bho-hi-1730-2019211191434_25.wav	0	1.92
wav/iwslt2024_bho-hi-1730-2019211191434_27.wav	0	7.4
wav/iwslt2024_bho-hi-1730-2019211191434_28.wav	0	8.72
wav/iwslt2024_bho-hi-1730-2019211191434_29.wav	0	11.64
wav/iwslt2024_bho-hi-1730-2019211191434_30.wav	0	5.56
wav/iwslt2024_bho-hi-1730-2019212194457_1.wav	0	9.36
wav/iwslt2024_bho-hi-1730-2019212194457_2.wav	0	13.68
wav/iwslt2024_bho-hi-1730-2019212194457_5.wav	0	6.08
wav/iwslt2024_bho-hi-1730-2019212194457_6.wav	0	11.32
wav/iwslt2024_bho-hi-1730-2019212194457_7.wav	0	13.24
wav/iwslt2024_bho-hi-1730-2019212194457_8.wav	0	13.72
wav/iwslt2024_bho-hi-1730-2019212194457_9.wav	0	10.64
wav/iwslt2024_bho-hi-1730-2019212194457_10.wav	0	9.6
wav/iwslt2024_bho-hi-1730-2019212194457_12.wav	0	8.36
wav/iwslt2024_bho-hi-1730-2019212194457_13.wav	0	10.12
wav/iwslt2024_bho-hi-1730-2019212194457_14.wav	0	13.16
wav/iwslt2024_bho-hi-1730-2019212194457_15.wav	0	7.6
wav/iwslt2024_bho-hi-1730-2019212194457_16.wav	0	11.04
wav/iwslt2024_bho-hi-1730-2019212194457_17.wav	0	10.12
wav/iwslt2024_bho-hi-1730-2019212194457_19.wav	0	7.52
wav/iwslt2024_bho-hi-1730-2019212194457_20.wav	0	8.28
wav/iwslt2024_bho-hi-1730-2019212194457_21.wav	0	5.04
wav/iwslt2024_bho-hi-1730-2019212194457_22.wav	0	9.88
wav/iwslt2024_bho-hi-1730-2019212194457_23.wav	0	12.32
wav/iwslt2024_bho-hi-1730-2019212194457_24.wav	0	4.76
wav/iwslt2024_bho-hi-1730-2019212194457_25.wav	0	13
wav/iwslt2024_bho-hi-1730-2019212194457_26.wav	0	5.72
wav/iwslt2024_bho-hi-1730-2019213184124_1.wav	0	3.48
wav/iwslt2024_bho-hi-1730-2019213184124_2.wav	0	4.08
wav/iwslt2024_bho-hi-1730-2019213184124_3.wav	0	7.4
wav/iwslt2024_bho-hi-1730-2019213184124_4.wav	0	9.88
wav/iwslt2024_bho-hi-1730-2019213184124_5.wav	0	7.4
wav/iwslt2024_bho-hi-1730-2019213184124_6.wav	0	9.48
wav/iwslt2024_bho-hi-1730-2019213184124_7.wav	0	7.16
wav/iwslt2024_bho-hi-1730-2019213184124_8.wav	0	2.6
wav/iwslt2024_bho-hi-1730-2019213184124_9.wav	0	4.76
wav/iwslt2024_bho-hi-1730-2019213184124_10.wav	0	8.72
wav/iwslt2024_bho-hi-1730-2019213184124_11.wav	0	7.8
wav/iwslt2024_bho-hi-1730-2019213184124_12.wav	0	6.68
wav/iwslt2024_bho-hi-1730-2019213184124_13.wav	0	6.92
wav/iwslt2024_bho-hi-1730-2019213184124_14.wav	0	4.92
wav/iwslt2024_bho-hi-1730-2019213184124_15.wav	0	9.8
wav/iwslt2024_bho-hi-1730-2019213184124_16.wav	0	6
wav/iwslt2024_bho-hi-1730-2019213184124_17.wav	0	8.64
wav/iwslt2024_bho-hi-1730-2019213184124_19.wav	0	11.4
wav/iwslt2024_bho-hi-1730-2019213184124_20.wav	0	6.84
wav/iwslt2024_bho-hi-1730-2019213184124_21.wav	0	8.56
wav/iwslt2024_bho-hi-1730-2019213184124_22.wav	0	5.72
wav/iwslt2024_bho-hi-1730-2019213184124_23.wav	0	8.08
wav/iwslt2024_bho-hi-1730-2019213184124_24.wav	0	4.12
wav/iwslt2024_bho-hi-1730-2019213184124_25.wav	0	10
wav/iwslt2024_bho-hi-1730-2019213184124_26.wav	0	10.36
wav/iwslt2024_bho-hi-1730-2019213184124_27.wav	0	10.12
wav/iwslt2024_bho-hi-1730-2019213184124_28.wav	0	3.88
wav/iwslt2024_bho-hi-1730-2019213184124_29.wav	0	7.24
wav/iwslt2024_bho-hi-1730-2019213184124_30.wav	0	12.12
wav/iwslt2024_bho-hi-1730-2019213184124_31.wav	0	4.88
wav/iwslt2024_bho-hi-1730-2019213184124_32.wav	0	9.68
wav/iwslt2024_bho-hi-1730-2019213184124_33.wav	0	5.96
wav/iwslt2024_bho-hi-1730-2019213184124_34.wav	0	6.92
wav/iwslt2024_bho-hi-1730-2019214185829_1.wav	0	10.96
wav/iwslt2024_bho-hi-1730-2019214185829_2.wav	0	6.88
wav/iwslt2024_bho-hi-1730-2019214185829_3.wav	0	7.2
wav/iwslt2024_bho-hi-1730-2019214185829_4.wav	0	5.88
wav/iwslt2024_bho-hi-1730-2019214185829_5.wav	0	5.96
wav/iwslt2024_bho-hi-1730-2019214185829_6.wav	0	9
wav/iwslt2024_bho-hi-1730-2019214185829_7.wav	0	6.68
wav/iwslt2024_bho-hi-1730-2019214185829_8.wav	0	10.88
wav/iwslt2024_bho-hi-1730-2019214185829_9.wav	0	3.64
wav/iwslt2024_bho-hi-1730-2019214185829_10.wav	0	4.68
wav/iwslt2024_bho-hi-1730-2019214185829_11.wav	0	4.12
wav/iwslt2024_bho-hi-1730-2019214185829_12.wav	0	12.12
wav/iwslt2024_bho-hi-1730-2019214185829_13.wav	0	7
wav/iwslt2024_bho-hi-1730-2019214185829_14.wav	0	9.92
wav/iwslt2024_bho-hi-1730-2019214185829_15.wav	0	11.28
wav/iwslt2024_bho-hi-1730-2019214185829_16.wav	0	2.8
wav/iwslt2024_bho-hi-1730-2019214185829_17.wav	0	13.16
wav/iwslt2024_bho-hi-1730-2019214185829_18.wav	0	3.92
wav/iwslt2024_bho-hi-1730-2019214185829_19.wav	0	8.76
wav/iwslt2024_bho-hi-1730-2019214185829_20.wav	0	10.96
wav/iwslt2024_bho-hi-1730-2019214185829_21.wav	0	4.44
wav/iwslt2024_bho-hi-1730-2019214185829_22.wav	0	3.72
wav/iwslt2024_bho-hi-1730-2019214185829_23.wav	0	6.56
wav/iwslt2024_bho-hi-1730-2019214185829_25.wav	0	6.48
wav/iwslt2024_bho-hi-1730-2019214185829_26.wav	0	9.52
wav/iwslt2024_bho-hi-1730-2019214185829_27.wav	0	5.24
wav/iwslt2024_bho-hi-1730-2019214185829_28.wav	0	6.24
wav/iwslt2024_bho-hi-1730-2019214185829_29.wav	0	6
wav/iwslt2024_bho-hi-1730-2019214185829_30.wav	0	6.72
wav/iwslt2024_bho-hi-1730-2019214185829_31.wav	0	9
wav/iwslt2024_bho-hi-1730-2019214185829_32.wav	0	3
wav/iwslt2024_bho-hi-1730-2019214185829_33.wav	0	10.6
wav/iwslt2024_bho-hi-1730-2019214185829_34.wav	0	7.16
wav/iwslt2024_bho-hi-1730-2019215182754_1.wav	0	9.24
wav/iwslt2024_bho-hi-1730-2019215182754_2.wav	0	11.44
wav/iwslt2024_bho-hi-1730-2019215182754_3.wav	0	7.4
wav/iwslt2024_bho-hi-1730-2019215182754_4.wav	0	2.52
wav/iwslt2024_bho-hi-1730-2019215182754_5.wav	0	6.76
wav/iwslt2024_bho-hi-1730-2019215182754_6.wav	0	4.72
wav/iwslt2024_bho-hi-1730-2019215182754_7.wav	0	5.92
wav/iwslt2024_bho-hi-1730-2019215182754_9.wav	0	11.52
wav/iwslt2024_bho-hi-1730-2019215182754_10.wav	0	14.68
wav/iwslt2024_bho-hi-1730-2019215182754_11.wav	0	5.72
wav/iwslt2024_bho-hi-1730-2019215182754_12.wav	0	6.48
wav/iwslt2024_bho-hi-1730-2019215182754_13.wav	0	10.04
wav/iwslt2024_bho-hi-1730-2019215182754_14.wav	0	4
wav/iwslt2024_bho-hi-1730-2019215182754_15.wav	0	9.56
wav/iwslt2024_bho-hi-1730-2019215182754_16.wav	0	8.68
wav/iwslt2024_bho-hi-1730-2019215182754_17.wav	0	8.04
wav/iwslt2024_bho-hi-1730-2019215182754_18.wav	0	3.8
wav/iwslt2024_bho-hi-1730-2019215182754_19.wav	0	8.92
wav/iwslt2024_bho-hi-1730-2019215182754_20.wav	0	5.16
wav/iwslt2024_bho-hi-1730-2019215182754_21.wav	0	6.44
wav/iwslt2024_bho-hi-1730-2019215182754_22.wav	0	4.96
wav/iwslt2024_bho-hi-1730-2019215182754_23.wav	0	6.12
wav/iwslt2024_bho-hi-1730-2019215182754_24.wav	0	3.24
wav/iwslt2024_bho-hi-1730-2019215182754_25.wav	0	10.68
wav/iwslt2024_bho-hi-1730-2019215182754_26.wav	0	5.72
wav/iwslt2024_bho-hi-1730-2019215182754_27.wav	0	2.84
wav/iwslt2024_bho-hi-1730-2019215182754_28.wav	0	4.12
wav/iwslt2024_bho-hi-1730-2019215182754_29.wav	0	8.32
wav/iwslt2024_bho-hi-1730-2019215182754_30.wav	0	6.92
wav/iwslt2024_bho-hi-1730-2019215182754_31.wav	0	5.68
wav/iwslt2024_bho-hi-1730-2019215182754_32.wav	0	5.2
wav/iwslt2024_bho-hi-1730-2019215182754_33.wav	0	6.76
wav/iwslt2024_bho-hi-1730-2019215182754_34.wav	0	7.88
wav/iwslt2024_bho-hi-1730-2019215182754_35.wav	0	6.12
wav/iwslt2024_bho-hi-1730-2019215182754_36.wav	0	6.64
wav/iwslt2024_bho-hi-1730-2019215182754_37.wav	0	2.24
wav/iwslt2024_bho-hi-1730-2019215182754_38.wav	0	10.2
wav/iwslt2024_bho-hi-1730-2019219192952_1.wav	0	2.8
wav/iwslt2024_bho-hi-1730-2019219192952_2.wav	0	5.08
wav/iwslt2024_bho-hi-1730-2019219192952_3.wav	0	2.04
wav/iwslt2024_bho-hi-1730-2019219192952_5.wav	0	2.28
wav/iwslt2024_bho-hi-1730-2019219192952_6.wav	0	3.96
wav/iwslt2024_bho-hi-1730-2019219192952_7.wav	0	2.2
wav/iwslt2024_bho-hi-1730-2019219192952_8.wav	0	2.28
wav/iwslt2024_bho-hi-1730-2019219192952_9.wav	0	2
wav/iwslt2024_bho-hi-1730-2019219192952_10.wav	0	2.32
wav/iwslt2024_bho-hi-1730-2019219192952_11.wav	0	7.32
wav/iwslt2024_bho-hi-1730-2019219192952_12.wav	0	3.88
wav/iwslt2024_bho-hi-1730-2019219192952_13.wav	0	5.68
wav/iwslt2024_bho-hi-1730-2019219192952_14.wav	0	3.64
wav/iwslt2024_bho-hi-1730-2019219192952_15.wav	0	2.76
wav/iwslt2024_bho-hi-1730-2019219192952_17.wav	0	9.6
wav/iwslt2024_bho-hi-1730-2019219192952_18.wav	0	8.84
wav/iwslt2024_bho-hi-1730-2019219192952_19.wav	0	9.32
wav/iwslt2024_bho-hi-1730-2019219192952_20.wav	0	7.8
wav/iwslt2024_bho-hi-1730-2019219192952_21.wav	0	4.12
wav/iwslt2024_bho-hi-1730-2019219192952_22.wav	0	5.28
wav/iwslt2024_bho-hi-1730-2019219192952_23.wav	0	8.56
wav/iwslt2024_bho-hi-1730-2019219192952_24.wav	0	4.96
wav/iwslt2024_bho-hi-1730-2019219192952_25.wav	0	5.64
wav/iwslt2024_bho-hi-1730-2019219192952_26.wav	0	6.4
wav/iwslt2024_bho-hi-1730-2019219192952_27.wav	0	7.76
wav/iwslt2024_bho-hi-1730-2019219192952_28.wav	0	3.16
wav/iwslt2024_bho-hi-1730-2019219192952_29.wav	0	9.2
wav/iwslt2024_bho-hi-1730-2019219192952_30.wav	0	3.84
wav/iwslt2024_bho-hi-1730-2019219192952_31.wav	0	10.08
wav/iwslt2024_bho-hi-1730-2019219192952_32.wav	0	5.72
wav/iwslt2024_bho-hi-1730-2019219192952_33.wav	0	4.24
wav/iwslt2024_bho-hi-1730-2019219192952_34.wav	0	7.96
wav/iwslt2024_bho-hi-1730-2019219192952_35.wav	0	9.24
wav/iwslt2024_bho-hi-1730-2019219192952_36.wav	0	13.16
wav/iwslt2024_bho-hi-1730-2019219192952_37.wav	0	3.04
wav/iwslt2024_bho-hi-1730-2019221185612_1.wav	0	12.44
wav/iwslt2024_bho-hi-1730-2019221185612_2.wav	0	4.8
wav/iwslt2024_bho-hi-1730-2019221185612_3.wav	0	4.52
wav/iwslt2024_bho-hi-1730-2019221185612_4.wav	0	8.96
wav/iwslt2024_bho-hi-1730-2019221185612_5.wav	0	6.6
wav/iwslt2024_bho-hi-1730-2019221185612_6.wav	0	10.12
wav/iwslt2024_bho-hi-1730-2019221185612_7.wav	0	6.04
wav/iwslt2024_bho-hi-1730-2019221185612_8.wav	0	5.8
wav/iwslt2024_bho-hi-1730-2019221185612_9.wav	0	6.56
wav/iwslt2024_bho-hi-1730-2019221185612_10.wav	0	5.36
wav/iwslt2024_bho-hi-1730-2019221185612_11.wav	0	6.16
wav/iwslt2024_bho-hi-1730-2019221185612_12.wav	0	3.44
wav/iwslt2024_bho-hi-1730-2019221185612_13.wav	0	5.72
wav/iwslt2024_bho-hi-1730-2019221185612_14.wav	0	7.76
wav/iwslt2024_bho-hi-1730-2019221185612_15.wav	0	6.76
wav/iwslt2024_bho-hi-1730-2019221185612_16.wav	0	7.48
wav/iwslt2024_bho-hi-1730-2019221185612_17.wav	0	3.76
wav/iwslt2024_bho-hi-1730-2019221185612_18.wav	0	3.84
wav/iwslt2024_bho-hi-1730-2019221185612_19.wav	0	12.12
wav/iwslt2024_bho-hi-1730-2019221185612_20.wav	0	4.84
wav/iwslt2024_bho-hi-1730-2019221185612_21.wav	0	2.12
wav/iwslt2024_bho-hi-1730-2019221185612_22.wav	0	7.84
wav/iwslt2024_bho-hi-1730-2019221185612_23.wav	0	13.16
wav/iwslt2024_bho-hi-1730-2019221185612_24.wav	0	7.32
wav/iwslt2024_bho-hi-1730-2019221185612_25.wav	0	5.12
wav/iwslt2024_bho-hi-1730-2019221185612_26.wav	0	6.92
wav/iwslt2024_bho-hi-1730-2019221185612_27.wav	0	7.32
wav/iwslt2024_bho-hi-1730-2019221185612_28.wav	0	7.48
wav/iwslt2024_bho-hi-1730-2019221185612_29.wav	0	6.36
wav/iwslt2024_bho-hi-1730-2019221185612_31.wav	0	1.8
wav/iwslt2024_bho-hi-1730-2019221185612_32.wav	0	12
wav/iwslt2024_bho-hi-1730-2019221185612_33.wav	0	4.2
wav/iwslt2024_bho-hi-1730-2019221185612_34.wav	0	12.92
wav/iwslt2024_bho-hi-1730-2019221185612_35.wav	0	8.48
wav/iwslt2024_bho-hi-1730-2019221185612_36.wav	0	4.96
wav/iwslt2024_bho-hi-1730-2019221185612_37.wav	0	12.28
wav/iwslt2024_bho-hi-1730-2019222185617_1.wav	0	12.16
wav/iwslt2024_bho-hi-1730-2019222185617_2.wav	0	4.56
wav/iwslt2024_bho-hi-1730-2019222185617_3.wav	0	7.16
wav/iwslt2024_bho-hi-1730-2019222185617_4.wav	0	7.12
wav/iwslt2024_bho-hi-1730-2019222185617_5.wav	0	3.52
wav/iwslt2024_bho-hi-1730-2019222185617_6.wav	0	9.12
wav/iwslt2024_bho-hi-1730-2019222185617_7.wav	0	5.6
wav/iwslt2024_bho-hi-1730-2019222185617_8.wav	0	8.64
wav/iwslt2024_bho-hi-1730-2019222185617_9.wav	0	7.24
wav/iwslt2024_bho-hi-1730-2019222185617_10.wav	0	8.64
wav/iwslt2024_bho-hi-1730-2019222185617_11.wav	0	8.64
wav/iwslt2024_bho-hi-1730-2019222185617_12.wav	0	7.04
wav/iwslt2024_bho-hi-1730-2019222185617_13.wav	0	5
wav/iwslt2024_bho-hi-1730-2019222185617_14.wav	0	10.04
wav/iwslt2024_bho-hi-1730-2019222185617_15.wav	0	2.24
wav/iwslt2024_bho-hi-1730-2019222185617_16.wav	0	2.88
wav/iwslt2024_bho-hi-1730-2019222185617_17.wav	0	7.32
wav/iwslt2024_bho-hi-1730-2019222185617_18.wav	0	10.72
wav/iwslt2024_bho-hi-1730-2019222185617_19.wav	0	5.84
wav/iwslt2024_bho-hi-1730-2019222185617_20.wav	0	7
wav/iwslt2024_bho-hi-1730-2019222185617_21.wav	0	2.48
wav/iwslt2024_bho-hi-1730-2019222185617_22.wav	0	4.16
wav/iwslt2024_bho-hi-1730-2019222185617_23.wav	0	5.04
wav/iwslt2024_bho-hi-1730-2019222185617_24.wav	0	4.52
wav/iwslt2024_bho-hi-1730-2019222185617_25.wav	0	5.32
wav/iwslt2024_bho-hi-1730-2019222185617_26.wav	0	8.44
wav/iwslt2024_bho-hi-1730-2019222185617_27.wav	0	11.92
wav/iwslt2024_bho-hi-1730-2019222185617_28.wav	0	8.76
wav/iwslt2024_bho-hi-1730-2019222185617_29.wav	0	5.4
wav/iwslt2024_bho-hi-1730-2019222185617_30.wav	0	4.24
wav/iwslt2024_bho-hi-1730-2019222185617_31.wav	0	3.24
wav/iwslt2024_bho-hi-1730-2019222185617_32.wav	0	8.56
wav/iwslt2024_bho-hi-1730-2019222185617_33.wav	0	5.92
wav/iwslt2024_bho-hi-1730-2019222185617_35.wav	0	8.76
wav/iwslt2024_bho-hi-1730-2019222185617_36.wav	0	7.56
wav/iwslt2024_bho-hi-1730-2019222185617_37.wav	0	5.28
wav/iwslt2024_bho-hi-1730-2019222185617_38.wav	0	14.32
wav/iwslt2024_bho-hi-1730-2019222185617_39.wav	0	3.52
wav/iwslt2024_bho-hi-1730-2019222185617_40.wav	0	4.48
wav/iwslt2024_bho-hi-1730-2019225192010_1.wav	0	6.24
wav/iwslt2024_bho-hi-1730-2019225192010_2.wav	0	2.04
wav/iwslt2024_bho-hi-1730-2019225192010_3.wav	0	2.48
wav/iwslt2024_bho-hi-1730-2019225192010_4.wav	0	2.36
wav/iwslt2024_bho-hi-1730-2019225192010_6.wav	0	7.68
wav/iwslt2024_bho-hi-1730-2019225192010_7.wav	0	4.32
wav/iwslt2024_bho-hi-1730-2019225192010_8.wav	0	5.96
wav/iwslt2024_bho-hi-1730-2019225192010_9.wav	0	8.24
wav/iwslt2024_bho-hi-1730-2019225192010_10.wav	0	4
wav/iwslt2024_bho-hi-1730-2019225192010_11.wav	0	2.8
wav/iwslt2024_bho-hi-1730-2019225192010_13.wav	0	1.88
wav/iwslt2024_bho-hi-1730-2019225192010_14.wav	0	2.72
wav/iwslt2024_bho-hi-1730-2019225192010_15.wav	0	2.92
wav/iwslt2024_bho-hi-1730-2019225192010_16.wav	0	6.8
wav/iwslt2024_bho-hi-1730-2019225192010_17.wav	0	6.2
wav/iwslt2024_bho-hi-1730-2019225192010_18.wav	0	6.44
wav/iwslt2024_bho-hi-1730-2019225192010_19.wav	0	3.2
wav/iwslt2024_bho-hi-1730-2019225192010_20.wav	0	8.44
wav/iwslt2024_bho-hi-1730-2019225192010_21.wav	0	8.88
wav/iwslt2024_bho-hi-1730-2019225192010_22.wav	0	8.4
wav/iwslt2024_bho-hi-1730-2019225192010_23.wav	0	10.12
wav/iwslt2024_bho-hi-1730-2019225192010_24.wav	0	9.88
wav/iwslt2024_bho-hi-1730-2019225192010_25.wav	0	6.72
wav/iwslt2024_bho-hi-1730-2019225192010_26.wav	0	10
wav/iwslt2024_bho-hi-1730-2019225192010_27.wav	0	9.2
wav/iwslt2024_bho-hi-1730-2019225192010_28.wav	0	8.48
wav/iwslt2024_bho-hi-1730-2019225192010_29.wav	0	9.28
wav/iwslt2024_bho-hi-1730-2019225192010_30.wav	0	3.12
wav/iwslt2024_bho-hi-1730-2019225192010_31.wav	0	5
wav/iwslt2024_bho-hi-1730-2019225192010_32.wav	0	11.12
wav/iwslt2024_bho-hi-1730-2019225192010_33.wav	0	10.68
wav/iwslt2024_bho-hi-1730-2019225192010_34.wav	0	7.96
wav/iwslt2024_bho-hi-1730-2019225192010_35.wav	0	8.84
wav/iwslt2024_bho-hi-1730-2019225192010_36.wav	0	10.84
wav/iwslt2024_bho-hi-1730-2019225192010_37.wav	0	7.96
wav/iwslt2024_bho-hi-1730-2019226191242_1.wav	0	8.8
wav/iwslt2024_bho-hi-1730-2019226191242_2.wav	0	5.44
wav/iwslt2024_bho-hi-1730-2019226191242_3.wav	0	9.04
wav/iwslt2024_bho-hi-1730-2019226191242_4.wav	0	7.88
wav/iwslt2024_bho-hi-1730-2019226191242_5.wav	0	3.56
wav/iwslt2024_bho-hi-1730-2019226191242_6.wav	0	7.92
wav/iwslt2024_bho-hi-1730-2019226191242_7.wav	0	12.52
wav/iwslt2024_bho-hi-1730-2019226191242_8.wav	0	4.64
wav/iwslt2024_bho-hi-1730-2019226191242_9.wav	0	13.36
wav/iwslt2024_bho-hi-1730-2019226191242_14.wav	0	6.28
wav/iwslt2024_bho-hi-1730-2019226191242_15.wav	0	10.84
wav/iwslt2024_bho-hi-1730-2019226191242_16.wav	0	4.4
wav/iwslt2024_bho-hi-1730-2019226191242_17.wav	0	3.24
wav/iwslt2024_bho-hi-1730-2019226191242_18.wav	0	1.76
wav/iwslt2024_bho-hi-1730-2019226191242_19.wav	0	11.44
wav/iwslt2024_bho-hi-1730-2019226191242_20.wav	0	4.88
wav/iwslt2024_bho-hi-1730-2019226191242_21.wav	0	4.68
wav/iwslt2024_bho-hi-1730-2019226191242_22.wav	0	4.32
wav/iwslt2024_bho-hi-1730-2019226191242_23.wav	0	5.6
wav/iwslt2024_bho-hi-1730-2019226191242_24.wav	0	8.68
wav/iwslt2024_bho-hi-1730-2019226191242_25.wav	0	7.48
wav/iwslt2024_bho-hi-1730-2019226191242_26.wav	0	7.04
wav/iwslt2024_bho-hi-1730-2019226191242_27.wav	0	7.24
wav/iwslt2024_bho-hi-1730-2019226191242_28.wav	0	5.44
wav/iwslt2024_bho-hi-1730-2019226191242_29.wav	0	7.64
wav/iwslt2024_bho-hi-1730-2019226191242_30.wav	0	3.72
wav/iwslt2024_bho-hi-1730-2019226191242_33.wav	0	9.88
wav/iwslt2024_bho-hi-1730-2019226191242_34.wav	0	5.16
wav/iwslt2024_bho-hi-1730-2019226191242_35.wav	0	10.12
wav/iwslt2024_bho-hi-1730-2019227171459_1.wav	0	4.6
wav/iwslt2024_bho-hi-1730-2019227171459_2.wav	0	12.72
wav/iwslt2024_bho-hi-1730-2019227171459_4.wav	0	10.16
wav/iwslt2024_bho-hi-1730-2019227171459_6.wav	0	5.72
wav/iwslt2024_bho-hi-1730-2019227171459_7.wav	0	9.04
wav/iwslt2024_bho-hi-1730-2019227171459_8.wav	0	5.96
wav/iwslt2024_bho-hi-1730-2019227171459_9.wav	0	9.08
wav/iwslt2024_bho-hi-1730-2019227171459_10.wav	0	9.84
wav/iwslt2024_bho-hi-1730-2019227171459_11.wav	0	5.88
wav/iwslt2024_bho-hi-1730-2019227171459_12.wav	0	2.92
wav/iwslt2024_bho-hi-1730-2019227171459_13.wav	0	4.32
wav/iwslt2024_bho-hi-1730-2019227171459_14.wav	0	4.92
wav/iwslt2024_bho-hi-1730-2019227171459_15.wav	0	3.8
wav/iwslt2024_bho-hi-1730-2019227171459_16.wav	0	9.2
wav/iwslt2024_bho-hi-1730-2019227171459_18.wav	0	12.44
wav/iwslt2024_bho-hi-1730-2019227171459_19.wav	0	11
wav/iwslt2024_bho-hi-1730-2019227171459_20.wav	0	10.44
wav/iwslt2024_bho-hi-1730-2019227171459_21.wav	0	4
wav/iwslt2024_bho-hi-1730-2019227171459_22.wav	0	8.92
wav/iwslt2024_bho-hi-1730-2019227171459_23.wav	0	12.16
wav/iwslt2024_bho-hi-1730-2019227171459_24.wav	0	6.24
wav/iwslt2024_bho-hi-1730-2019227171459_25.wav	0	10.6
wav/iwslt2024_bho-hi-1730-2019227171459_26.wav	0	9.28
wav/iwslt2024_bho-hi-1730-2019227195054_1.wav	0	6.8
wav/iwslt2024_bho-hi-1730-2019227195054_2.wav	0	8.64
wav/iwslt2024_bho-hi-1730-2019227195054_3.wav	0	5.52
wav/iwslt2024_bho-hi-1730-2019227195054_4.wav	0	5.72
wav/iwslt2024_bho-hi-1730-2019227195054_5.wav	0	4.44
wav/iwslt2024_bho-hi-1730-2019227195054_6.wav	0	4.36
wav/iwslt2024_bho-hi-1730-2019227195054_7.wav	0	12.28
wav/iwslt2024_bho-hi-1730-2019227195054_8.wav	0	14.28
wav/iwslt2024_bho-hi-1730-2019227195054_9.wav	0	8.2
wav/iwslt2024_bho-hi-1730-2019227195054_10.wav	0	5.72
wav/iwslt2024_bho-hi-1730-2019227195054_11.wav	0	5.76
wav/iwslt2024_bho-hi-1730-2019227195054_12.wav	0	10.24
wav/iwslt2024_bho-hi-1730-2019227195054_13.wav	0	5.16
wav/iwslt2024_bho-hi-1730-2019227195054_14.wav	0	8.92
wav/iwslt2024_bho-hi-1730-2019227195054_15.wav	0	4.16
wav/iwslt2024_bho-hi-1730-2019227195054_16.wav	0	14.48
wav/iwslt2024_bho-hi-1730-2019227195054_17.wav	0	9.6
wav/iwslt2024_bho-hi-1730-2019227195054_18.wav	0	4.64
wav/iwslt2024_bho-hi-1730-2019227195054_19.wav	0	2.88
wav/iwslt2024_bho-hi-1730-2019227195054_20.wav	0	10.4
wav/iwslt2024_bho-hi-1730-2019227195054_21.wav	0	8.72
wav/iwslt2024_bho-hi-1730-2019227195054_22.wav	0	2.8
wav/iwslt2024_bho-hi-1730-2019227195054_24.wav	0	6.52
wav/iwslt2024_bho-hi-1730-2019227195054_25.wav	0	12.72
wav/iwslt2024_bho-hi-1730-2019227195054_26.wav	0	8.2
wav/iwslt2024_bho-hi-1730-2019227195054_27.wav	0	6.48
wav/iwslt2024_bho-hi-1730-2019227195054_28.wav	0	6.88
wav/iwslt2024_bho-hi-1730-2019227195054_29.wav	0	12.16
wav/iwslt2024_bho-hi-1730-2019227195054_30.wav	0	7.88
wav/iwslt2024_bho-hi-1730-2019227195054_31.wav	0	5.6
wav/iwslt2024_bho-hi-1730-2019227195054_32.wav	0	4.24
wav/iwslt2024_bho-hi-1730-2019228192856_1.wav	0	7.04
wav/iwslt2024_bho-hi-1730-2019228192856_2.wav	0	11.56
wav/iwslt2024_bho-hi-1730-2019228192856_4.wav	0	5.52
wav/iwslt2024_bho-hi-1730-2019228192856_5.wav	0	11.2
wav/iwslt2024_bho-hi-1730-2019228192856_6.wav	0	11.72
wav/iwslt2024_bho-hi-1730-2019228192856_7.wav	0	6.56
wav/iwslt2024_bho-hi-1730-2019228192856_8.wav	0	9.2
wav/iwslt2024_bho-hi-1730-2019228192856_9.wav	0	8.2
wav/iwslt2024_bho-hi-1730-2019228192856_10.wav	0	6.72
wav/iwslt2024_bho-hi-1730-2019228192856_11.wav	0	7.56
wav/iwslt2024_bho-hi-1730-2019228192856_12.wav	0	8.72
wav/iwslt2024_bho-hi-1730-2019228192856_13.wav	0	8.92
wav/iwslt2024_bho-hi-1730-2019228192856_14.wav	0	3.96
wav/iwslt2024_bho-hi-1730-2019228192856_15.wav	0	3.12
wav/iwslt2024_bho-hi-1730-2019228192856_16.wav	0	5.96
wav/iwslt2024_bho-hi-1730-2019228192856_17.wav	0	8.92
wav/iwslt2024_bho-hi-1730-2019228192856_18.wav	0	7.84
wav/iwslt2024_bho-hi-1730-2019228192856_19.wav	0	7.36
wav/iwslt2024_bho-hi-1730-2019228192856_20.wav	0	11.72
wav/iwslt2024_bho-hi-1730-2019228192856_21.wav	0	9.84
wav/iwslt2024_bho-hi-1730-2019228192856_22.wav	0	12.32
wav/iwslt2024_bho-hi-1730-2019228192856_23.wav	0	9.6
wav/iwslt2024_bho-hi-1730-2019228192856_24.wav	0	10.88
wav/iwslt2024_bho-hi-1730-2019228192856_25.wav	0	7.48
wav/iwslt2024_bho-hi-1730-2019228192856_27.wav	0	9
wav/iwslt2024_bho-hi-1730-2019228192856_28.wav	0	10.92
wav/iwslt2024_bho-hi-1730-2019228192856_29.wav	0	8.76
wav/iwslt2024_bho-hi-1730-2019228192856_30.wav	0	6.96
wav/iwslt2024_bho-hi-1730-2019228192856_31.wav	0	9.8
wav/iwslt2024_bho-hi-1730-2019312192153_1.wav	0	7.76
wav/iwslt2024_bho-hi-1730-2019312192153_2.wav	0	3.52
wav/iwslt2024_bho-hi-1730-2019312192153_3.wav	0	10.6
wav/iwslt2024_bho-hi-1730-2019312192153_4.wav	0	3.44
wav/iwslt2024_bho-hi-1730-2019312192153_5.wav	0	5.72
wav/iwslt2024_bho-hi-1730-2019312192153_6.wav	0	7.2
wav/iwslt2024_bho-hi-1730-2019312192153_7.wav	0	8.44
wav/iwslt2024_bho-hi-1730-2019312192153_8.wav	0	5.56
wav/iwslt2024_bho-hi-1730-2019312192153_11.wav	0	10.92
wav/iwslt2024_bho-hi-1730-2019312192153_12.wav	0	5.92
wav/iwslt2024_bho-hi-1730-2019312192153_13.wav	0	9.76
wav/iwslt2024_bho-hi-1730-2019312192153_14.wav	0	5.68
wav/iwslt2024_bho-hi-1730-2019312192153_15.wav	0	4.28
wav/iwslt2024_bho-hi-1730-2019312192153_16.wav	0	7.04
wav/iwslt2024_bho-hi-1730-2019312192153_17.wav	0	6.28
wav/iwslt2024_bho-hi-1730-2019312192153_18.wav	0	12.2
wav/iwslt2024_bho-hi-1730-2019312192153_19.wav	0	5.72
wav/iwslt2024_bho-hi-1730-2019312192153_20.wav	0	14.2
wav/iwslt2024_bho-hi-1730-2019312192153_21.wav	0	5.32
wav/iwslt2024_bho-hi-1730-2019312192153_23.wav	0	5.24
wav/iwslt2024_bho-hi-1730-2019312192153_25.wav	0	5.76
wav/iwslt2024_bho-hi-1730-2019312192153_26.wav	0	3.64
wav/iwslt2024_bho-hi-1730-2019312192153_27.wav	0	7.52
wav/iwslt2024_bho-hi-1730-2019312192153_28.wav	0	6.48
wav/iwslt2024_bho-hi-1730-2019312192153_29.wav	0	7.4
wav/iwslt2024_bho-hi-1730-2019312192153_30.wav	0	14.56
wav/iwslt2024_bho-hi-1730-2019313193149_1.wav	0	13.92
wav/iwslt2024_bho-hi-1730-2019313193149_2.wav	0	6.36
wav/iwslt2024_bho-hi-1730-2019313193149_4.wav	0	6.12
wav/iwslt2024_bho-hi-1730-2019313193149_5.wav	0	7.8
wav/iwslt2024_bho-hi-1730-2019313193149_6.wav	0	5.44
wav/iwslt2024_bho-hi-1730-2019313193149_7.wav	0	4.72
wav/iwslt2024_bho-hi-1730-2019313193149_8.wav	0	4.32
wav/iwslt2024_bho-hi-1730-2019313193149_9.wav	0	12.36
wav/iwslt2024_bho-hi-1730-2019313193149_10.wav	0	8.16
wav/iwslt2024_bho-hi-1730-2019313193149_11.wav	0	11.04
wav/iwslt2024_bho-hi-1730-2019313193149_12.wav	0	10.6
wav/iwslt2024_bho-hi-1730-2019313193149_13.wav	0	10.92
wav/iwslt2024_bho-hi-1730-2019313193149_14.wav	0	8.92
wav/iwslt2024_bho-hi-1730-2019313193149_15.wav	0	6.48
wav/iwslt2024_bho-hi-1730-2019313193149_16.wav	0	5.16
wav/iwslt2024_bho-hi-1730-2019313193149_17.wav	0	3.6
wav/iwslt2024_bho-hi-1730-2019313193149_18.wav	0	3.72
wav/iwslt2024_bho-hi-1730-2019313193149_19.wav	0	7.24
wav/iwslt2024_bho-hi-1730-2019313193149_20.wav	0	11.64
wav/iwslt2024_bho-hi-1730-2019313193149_21.wav	0	12.04
wav/iwslt2024_bho-hi-1730-2019313193149_22.wav	0	5.48
wav/iwslt2024_bho-hi-1730-2019313193149_23.wav	0	6.52
wav/iwslt2024_bho-hi-1730-2019313193149_24.wav	0	7.6
wav/iwslt2024_bho-hi-1730-2019313193149_25.wav	0	6.52
wav/iwslt2024_bho-hi-1730-2019313193149_26.wav	0	5.92
wav/iwslt2024_bho-hi-1730-2019313193149_27.wav	0	2.4
wav/iwslt2024_bho-hi-1730-2019313193149_28.wav	0	5.36
wav/iwslt2024_bho-hi-1730-2019313193149_29.wav	0	5.84
wav/iwslt2024_bho-hi-1730-2019313193149_30.wav	0	11.76
wav/iwslt2024_bho-hi-1730-2019313193149_31.wav	0	11.68
wav/iwslt2024_bho-hi-1730-2019313193149_32.wav	0	3.8
wav/iwslt2024_bho-hi-1730-2019313193149_33.wav	0	4.44
wav/iwslt2024_bho-hi-1730-2019313193149_34.wav	0	10.04
wav/iwslt2024_bho-hi-1730-2019316183245_4.wav	0	7.68
wav/iwslt2024_bho-hi-1730-2019316183245_5.wav	0	4.52
wav/iwslt2024_bho-hi-1730-2019316183245_6.wav	0	10.08
wav/iwslt2024_bho-hi-1730-2019316183245_7.wav	0	8.68
wav/iwslt2024_bho-hi-1730-2019316183245_9.wav	0	4.52
wav/iwslt2024_bho-hi-1730-2019316183245_10.wav	0	6.68
wav/iwslt2024_bho-hi-1730-2019316183245_11.wav	0	6.2
wav/iwslt2024_bho-hi-1730-2019316183245_12.wav	0	10.32
wav/iwslt2024_bho-hi-1730-2019316183245_13.wav	0	8.56
wav/iwslt2024_bho-hi-1730-2019316183245_15.wav	0	4.24
wav/iwslt2024_bho-hi-1730-2019316183245_16.wav	0	5.6
wav/iwslt2024_bho-hi-1730-2019316183245_17.wav	0	6.44
wav/iwslt2024_bho-hi-1730-2019316183245_18.wav	0	11.56
wav/iwslt2024_bho-hi-1730-2019316183245_19.wav	0	8.2
wav/iwslt2024_bho-hi-1730-2019316183245_20.wav	0	3.76
wav/iwslt2024_bho-hi-1730-2019316183245_21.wav	0	10.48
wav/iwslt2024_bho-hi-1730-2019316183245_22.wav	0	3.76
wav/iwslt2024_bho-hi-1730-2019316183245_23.wav	0	7.08
wav/iwslt2024_bho-hi-1730-2019316183245_24.wav	0	12.96
wav/iwslt2024_bho-hi-1730-2019316183245_25.wav	0	6.96
wav/iwslt2024_bho-hi-1730-2019316183245_26.wav	0	7.4
wav/iwslt2024_bho-hi-1730-2019316183245_27.wav	0	7.6
wav/iwslt2024_bho-hi-1730-2019316183245_28.wav	0	4.32
wav/iwslt2024_bho-hi-1730-2019316183245_29.wav	0	9.96
wav/iwslt2024_bho-hi-1730-2019316183245_30.wav	0	3.52
wav/iwslt2024_bho-hi-1730-2019316183245_31.wav	0	13.68
wav/iwslt2024_bho-hi-1730-2019316183245_32.wav	0	13.2
wav/iwslt2024_bho-hi-1730-2019317195632_1.wav	0	4.36
wav/iwslt2024_bho-hi-1730-2019317195632_2.wav	0	5.16
wav/iwslt2024_bho-hi-1730-2019317195632_3.wav	0	12.24
wav/iwslt2024_bho-hi-1730-2019317195632_4.wav	0	10.64
wav/iwslt2024_bho-hi-1730-2019317195632_9.wav	0	8.12
wav/iwslt2024_bho-hi-1730-2019317195632_10.wav	0	6.28
wav/iwslt2024_bho-hi-1730-2019317195632_11.wav	0	9.84
wav/iwslt2024_bho-hi-1730-2019317195632_12.wav	0	7.88
wav/iwslt2024_bho-hi-1730-2019317195632_13.wav	0	3.72
wav/iwslt2024_bho-hi-1730-2019317195632_14.wav	0	4.92
wav/iwslt2024_bho-hi-1730-2019317195632_15.wav	0	2.52
wav/iwslt2024_bho-hi-1730-2019317195632_16.wav	0	13.48
wav/iwslt2024_bho-hi-1730-2019317195632_17.wav	0	9.88
wav/iwslt2024_bho-hi-1730-2019317195632_18.wav	0	7
wav/iwslt2024_bho-hi-1730-2019317195632_19.wav	0	9.32
wav/iwslt2024_bho-hi-1730-2019317195632_20.wav	0	9.12
wav/iwslt2024_bho-hi-1730-2019317195632_21.wav	0	13.28
wav/iwslt2024_bho-hi-1730-2019317195632_22.wav	0	6.96
wav/iwslt2024_bho-hi-1730-2019317195632_23.wav	0	6
wav/iwslt2024_bho-hi-1730-2019317195632_24.wav	0	12.92
wav/iwslt2024_bho-hi-1730-2019317195632_25.wav	0	6.88
wav/iwslt2024_bho-hi-1730-2019317195632_26.wav	0	4.88
wav/iwslt2024_bho-hi-1730-2019317195632_27.wav	0	12.84
wav/iwslt2024_bho-hi-1730-2019317195632_28.wav	0	10.88
wav/iwslt2024_bho-hi-1730-2019317195632_29.wav	0	6.32
wav/iwslt2024_bho-hi-1730-2019317195632_30.wav	0	8.6
wav/iwslt2024_bho-hi-1730-2019317195632_31.wav	0	12.88
wav/iwslt2024_bho-hi-1730-2019318183838_1.wav	0	5.76
wav/iwslt2024_bho-hi-1730-2019318183838_2.wav	0	5.72
wav/iwslt2024_bho-hi-1730-2019318183838_3.wav	0	3.52
wav/iwslt2024_bho-hi-1730-2019318183838_4.wav	0	4
wav/iwslt2024_bho-hi-1730-2019318183838_5.wav	0	11.04
wav/iwslt2024_bho-hi-1730-2019318183838_6.wav	0	7.44
wav/iwslt2024_bho-hi-1730-2019318183838_7.wav	0	14.44
wav/iwslt2024_bho-hi-1730-2019318183838_8.wav	0	6.68
wav/iwslt2024_bho-hi-1730-2019318183838_9.wav	0	6.32
wav/iwslt2024_bho-hi-1730-2019318183838_10.wav	0	5.04
wav/iwslt2024_bho-hi-1730-2019318183838_11.wav	0	4
wav/iwslt2024_bho-hi-1730-2019318183838_12.wav	0	5.68
wav/iwslt2024_bho-hi-1730-2019318183838_13.wav	0	9.52
wav/iwslt2024_bho-hi-1730-2019318183838_14.wav	0	7.68
wav/iwslt2024_bho-hi-1730-2019318183838_15.wav	0	7.8
wav/iwslt2024_bho-hi-1730-2019318183838_16.wav	0	3.32
wav/iwslt2024_bho-hi-1730-2019318183838_17.wav	0	2
wav/iwslt2024_bho-hi-1730-2019318183838_18.wav	0	8
wav/iwslt2024_bho-hi-1730-2019318183838_19.wav	0	13.8
wav/iwslt2024_bho-hi-1730-2019318183838_20.wav	0	10.64
wav/iwslt2024_bho-hi-1730-2019318183838_21.wav	0	14.24
wav/iwslt2024_bho-hi-1730-2019318183838_23.wav	0	6
wav/iwslt2024_bho-hi-1730-2019318183838_27.wav	0	13.08
wav/iwslt2024_bho-hi-1730-2019318183838_28.wav	0	12.44
wav/iwslt2024_bho-hi-1730-2019318183838_29.wav	0	6.48
wav/iwslt2024_bho-hi-1730-2019318183838_30.wav	0	5.24
wav/iwslt2024_bho-hi-1730-2019318183838_31.wav	0	5.88
wav/iwslt2024_bho-hi-1730-2019319194020_1.wav	0	7.32
wav/iwslt2024_bho-hi-1730-2019319194020_2.wav	0	4.36
wav/iwslt2024_bho-hi-1730-2019319194020_4.wav	0	6.04
wav/iwslt2024_bho-hi-1730-2019319194020_5.wav	0	3.52
wav/iwslt2024_bho-hi-1730-2019319194020_6.wav	0	5.76
wav/iwslt2024_bho-hi-1730-2019319194020_7.wav	0	8.28
wav/iwslt2024_bho-hi-1730-2019319194020_8.wav	0	5.16
wav/iwslt2024_bho-hi-1730-2019319194020_9.wav	0	13.12
wav/iwslt2024_bho-hi-1730-2019319194020_10.wav	0	7.32
wav/iwslt2024_bho-hi-1730-2019319194020_11.wav	0	4.88
wav/iwslt2024_bho-hi-1730-2019319194020_12.wav	0	8.76
wav/iwslt2024_bho-hi-1730-2019319194020_13.wav	0	8.96
wav/iwslt2024_bho-hi-1730-2019319194020_14.wav	0	10.16
wav/iwslt2024_bho-hi-1730-2019319194020_15.wav	0	4.4
wav/iwslt2024_bho-hi-1730-2019319194020_16.wav	0	4.2
wav/iwslt2024_bho-hi-1730-2019319194020_17.wav	0	9.52
wav/iwslt2024_bho-hi-1730-2019319194020_18.wav	0	6.12
wav/iwslt2024_bho-hi-1730-2019319194020_19.wav	0	10.8
wav/iwslt2024_bho-hi-1730-2019319194020_20.wav	0	6.2
wav/iwslt2024_bho-hi-1730-2019319194020_21.wav	0	8.32
wav/iwslt2024_bho-hi-1730-2019319194020_22.wav	0	10.12
wav/iwslt2024_bho-hi-1730-2019319194020_23.wav	0	8.84
wav/iwslt2024_bho-hi-1730-2019319194020_24.wav	0	11.2
wav/iwslt2024_bho-hi-1730-2019319194020_25.wav	0	6.2
wav/iwslt2024_bho-hi-1730-2019319194020_26.wav	0	8.76
wav/iwslt2024_bho-hi-1730-2019319194020_27.wav	0	6.2
wav/iwslt2024_bho-hi-1730-2019319194020_28.wav	0	10.48
wav/iwslt2024_bho-hi-1730-2019319194020_29.wav	0	6.4
wav/iwslt2024_bho-hi-1730-2019319194020_30.wav	0	10.64
wav/iwslt2024_bho-hi-1730-2019319194020_31.wav	0	8.6
wav/iwslt2024_bho-hi-1730-2019319194020_32.wav	0	3.96
wav/iwslt2024_bho-hi-1730-2019319194020_33.wav	0	5.4
wav/iwslt2024_bho-hi-1730-2019319194020_34.wav	0	12.48
wav/iwslt2024_bho-hi-1730-2019320193058_1.wav	0	10.76
wav/iwslt2024_bho-hi-1730-2019320193058_3.wav	0	10.08
wav/iwslt2024_bho-hi-1730-2019320193058_4.wav	0	8.44
wav/iwslt2024_bho-hi-1730-2019320193058_5.wav	0	9.2
wav/iwslt2024_bho-hi-1730-2019320193058_6.wav	0	8.56
wav/iwslt2024_bho-hi-1730-2019320193058_7.wav	0	8.4
wav/iwslt2024_bho-hi-1730-2019320193058_8.wav	0	12.8
wav/iwslt2024_bho-hi-1730-2019320193058_9.wav	0	3.68
wav/iwslt2024_bho-hi-1730-2019320193058_10.wav	0	11.64
wav/iwslt2024_bho-hi-1730-2019320193058_11.wav	0	8.88
wav/iwslt2024_bho-hi-1730-2019320193058_12.wav	0	14.04
wav/iwslt2024_bho-hi-1730-2019320193058_14.wav	0	7.32
wav/iwslt2024_bho-hi-1730-2019320193058_15.wav	0	14.2
wav/iwslt2024_bho-hi-1730-2019320193058_16.wav	0	6.16
wav/iwslt2024_bho-hi-1730-2019320193058_17.wav	0	3.52
wav/iwslt2024_bho-hi-1730-2019320193058_19.wav	0	7.96
wav/iwslt2024_bho-hi-1730-2019320193058_20.wav	0	5.16
wav/iwslt2024_bho-hi-1730-2019320193058_23.wav	0	13.56
wav/iwslt2024_bho-hi-1730-2019320193058_24.wav	0	12.88
wav/iwslt2024_bho-hi-1730-2019320193058_25.wav	0	4
wav/iwslt2024_bho-hi-1730-2019320193058_26.wav	0	6.08
wav/iwslt2024_bho-hi-1730-2019320193058_27.wav	0	4.12
wav/iwslt2024_bho-hi-1730-2019320193058_28.wav	0	3.92
wav/iwslt2024_bho-hi-1730-2019320193058_29.wav	0	4.36
wav/iwslt2024_bho-hi-1730-2019320193058_30.wav	0	3.4
wav/iwslt2024_bho-hi-1730-2019320193058_31.wav	0	5.44
wav/iwslt2024_bho-hi-1730-2019320193058_32.wav	0	9.72
wav/iwslt2024_bho-hi-1730-2019320193058_33.wav	0	5.84
wav/iwslt2024_bho-hi-1730-2019320193058_34.wav	0	7.56
wav/iwslt2024_bho-hi-1730-2019320193058_35.wav	0	8.72
wav/iwslt2024_bho-hi-1730-2019320193058_36.wav	0	10
wav/iwslt2024_bho-hi-1730-2019321203438_1.wav	0	13.08
wav/iwslt2024_bho-hi-1730-2019321203438_2.wav	0	8.96
wav/iwslt2024_bho-hi-1730-2019321203438_3.wav	0	7.52
wav/iwslt2024_bho-hi-1730-2019321203438_4.wav	0	5.72
wav/iwslt2024_bho-hi-1730-2019321203438_5.wav	0	12.76
wav/iwslt2024_bho-hi-1730-2019321203438_6.wav	0	7.52
wav/iwslt2024_bho-hi-1730-2019321203438_7.wav	0	6.12
wav/iwslt2024_bho-hi-1730-2019321203438_8.wav	0	5.08
wav/iwslt2024_bho-hi-1730-2019321203438_9.wav	0	4.2
wav/iwslt2024_bho-hi-1730-2019321203438_10.wav	0	7.4
wav/iwslt2024_bho-hi-1730-2019321203438_11.wav	0	8.88
wav/iwslt2024_bho-hi-1730-2019321203438_12.wav	0	11.16
wav/iwslt2024_bho-hi-1730-2019321203438_13.wav	0	3.84
wav/iwslt2024_bho-hi-1730-2019321203438_14.wav	0	3.12
wav/iwslt2024_bho-hi-1730-2019321203438_15.wav	0	6.68
wav/iwslt2024_bho-hi-1730-2019321203438_16.wav	0	3.48
wav/iwslt2024_bho-hi-1730-2019321203438_17.wav	0	11.24
wav/iwslt2024_bho-hi-1730-2019321203438_18.wav	0	7.12
wav/iwslt2024_bho-hi-1730-2019321203438_19.wav	0	3.92
wav/iwslt2024_bho-hi-1730-2019321203438_20.wav	0	3
wav/iwslt2024_bho-hi-1730-2019321203438_21.wav	0	4.4
wav/iwslt2024_bho-hi-1730-2019321203438_22.wav	0	4.12
wav/iwslt2024_bho-hi-1730-2019321203438_23.wav	0	2.64
wav/iwslt2024_bho-hi-1730-2019321203438_24.wav	0	4.56
wav/iwslt2024_bho-hi-1730-2019321203438_25.wav	0	5.72
wav/iwslt2024_bho-hi-1730-2019321203438_26.wav	0	5.24
wav/iwslt2024_bho-hi-1730-2019321203438_27.wav	0	6
wav/iwslt2024_bho-hi-1730-2019321203438_28.wav	0	10.2
wav/iwslt2024_bho-hi-1730-2019321203438_29.wav	0	14.4
wav/iwslt2024_bho-hi-1730-2019321203438_30.wav	0	10.44
wav/iwslt2024_bho-hi-1730-2019321203438_31.wav	0	5.24
wav/iwslt2024_bho-hi-1730-2019321203438_32.wav	0	10.08
wav/iwslt2024_bho-hi-1730-2019321203438_33.wav	0	11.96
wav/iwslt2024_bho-hi-1730-2019321203438_34.wav	0	6.04
wav/iwslt2024_bho-hi-1730-2019321203438_35.wav	0	7.4
wav/iwslt2024_bho-hi-1730-2019321203438_36.wav	0	5.4
wav/iwslt2024_bho-hi-1730-2019321203438_37.wav	0	4.32
wav/iwslt2024_bho-hi-1730-2019321203438_38.wav	0	5.2
wav/iwslt2024_bho-hi-1730-2019321203438_39.wav	0	7.36
wav/iwslt2024_bho-hi-1730-2019321203438_40.wav	0	10.48
wav/iwslt2024_bho-hi-1730-2019321203438_41.wav	0	6.32
wav/iwslt2024_bho-hi-1730-2019321203438_42.wav	0	4.04
wav/iwslt2024_bho-hi-1730-2019323185410_1.wav	0	6.04
wav/iwslt2024_bho-hi-1730-2019323185410_2.wav	0	7.28
wav/iwslt2024_bho-hi-1730-2019323185410_3.wav	0	9.28
wav/iwslt2024_bho-hi-1730-2019323185410_4.wav	0	13.08
wav/iwslt2024_bho-hi-1730-2019323185410_5.wav	0	10.92
wav/iwslt2024_bho-hi-1730-2019323185410_6.wav	0	9.48
wav/iwslt2024_bho-hi-1730-2019323185410_7.wav	0	6.36
wav/iwslt2024_bho-hi-1730-2019323185410_8.wav	0	4.32
wav/iwslt2024_bho-hi-1730-2019323185410_9.wav	0	5.44
wav/iwslt2024_bho-hi-1730-2019323185410_10.wav	0	3.52
wav/iwslt2024_bho-hi-1730-2019323185410_11.wav	0	4.48
wav/iwslt2024_bho-hi-1730-2019323185410_12.wav	0	5.52
wav/iwslt2024_bho-hi-1730-2019323185410_13.wav	0	4.96
wav/iwslt2024_bho-hi-1730-2019323185410_14.wav	0	6.08
wav/iwslt2024_bho-hi-1730-2019323185410_15.wav	0	5.04
wav/iwslt2024_bho-hi-1730-2019323185410_16.wav	0	7.56
wav/iwslt2024_bho-hi-1730-2019323185410_17.wav	0	5.84
wav/iwslt2024_bho-hi-1730-2019323185410_19.wav	0	7.8
wav/iwslt2024_bho-hi-1730-2019323185410_20.wav	0	5.12
wav/iwslt2024_bho-hi-1730-2019323185410_21.wav	0	8.48
wav/iwslt2024_bho-hi-1730-2019323185410_22.wav	0	8.12
wav/iwslt2024_bho-hi-1730-2019323185410_23.wav	0	8.92
wav/iwslt2024_bho-hi-1730-2019323185410_24.wav	0	8.4
wav/iwslt2024_bho-hi-1730-2019323185410_25.wav	0	5.44
wav/iwslt2024_bho-hi-1730-2019323185410_26.wav	0	6.8
wav/iwslt2024_bho-hi-1730-2019323185410_27.wav	0	8.48
wav/iwslt2024_bho-hi-1730-2019323185410_28.wav	0	6.32
wav/iwslt2024_bho-hi-1730-2019323185410_29.wav	0	9.36
wav/iwslt2024_bho-hi-1730-2019323185410_30.wav	0	7.44
wav/iwslt2024_bho-hi-1730-2019323185410_31.wav	0	6.88
wav/iwslt2024_bho-hi-1730-2019323185410_32.wav	0	8.96
wav/iwslt2024_bho-hi-1730-2019324192059_1.wav	0	3.88
wav/iwslt2024_bho-hi-1730-2019324192059_2.wav	0	13.36
wav/iwslt2024_bho-hi-1730-2019324192059_3.wav	0	5.84
wav/iwslt2024_bho-hi-1730-2019324192059_4.wav	0	6.44
wav/iwslt2024_bho-hi-1730-2019324192059_5.wav	0	5.28
wav/iwslt2024_bho-hi-1730-2019324192059_6.wav	0	6
wav/iwslt2024_bho-hi-1730-2019324192059_7.wav	0	4.92
wav/iwslt2024_bho-hi-1730-2019324192059_8.wav	0	5.12
wav/iwslt2024_bho-hi-1730-2019324192059_9.wav	0	9.4
wav/iwslt2024_bho-hi-1730-2019324192059_10.wav	0	5.88
wav/iwslt2024_bho-hi-1730-2019324192059_11.wav	0	8.76
wav/iwslt2024_bho-hi-1730-2019324192059_12.wav	0	8
wav/iwslt2024_bho-hi-1730-2019324192059_13.wav	0	3.48
wav/iwslt2024_bho-hi-1730-2019324192059_14.wav	0	5.2
wav/iwslt2024_bho-hi-1730-2019324192059_15.wav	0	10.08
wav/iwslt2024_bho-hi-1730-2019324192059_16.wav	0	7
wav/iwslt2024_bho-hi-1730-2019324192059_17.wav	0	8.04
wav/iwslt2024_bho-hi-1730-2019324192059_18.wav	0	6.96
wav/iwslt2024_bho-hi-1730-2019324192059_19.wav	0	3.64
wav/iwslt2024_bho-hi-1730-2019324192059_20.wav	0	6.08
wav/iwslt2024_bho-hi-1730-2019324192059_21.wav	0	10.24
wav/iwslt2024_bho-hi-1730-2019324192059_22.wav	0	8.96
wav/iwslt2024_bho-hi-1730-2019324192059_23.wav	0	7.96
wav/iwslt2024_bho-hi-1730-2019324192059_24.wav	0	2.48
wav/iwslt2024_bho-hi-1730-2019324192059_25.wav	0	5.12
wav/iwslt2024_bho-hi-1730-2019324192059_27.wav	0	4.96
wav/iwslt2024_bho-hi-1730-2019324192059_28.wav	0	8.32
wav/iwslt2024_bho-hi-1730-2019324192059_29.wav	0	2.04
wav/iwslt2024_bho-hi-1730-2019324192059_30.wav	0	9.92
wav/iwslt2024_bho-hi-1730-2019324192059_31.wav	0	8.28
wav/iwslt2024_bho-hi-1730-2019324192059_32.wav	0	8.32
wav/iwslt2024_bho-hi-1730-2019324192059_33.wav	0	9.56
wav/iwslt2024_bho-hi-1730-2019324192059_34.wav	0	12.84
wav/iwslt2024_bho-hi-1730-2019324192059_35.wav	0	10.16
wav/iwslt2024_bho-hi-1730-2019324192059_36.wav	0	12
wav/iwslt2024_bho-hi-1730-2019329195643_1.wav	0	11.84
wav/iwslt2024_bho-hi-1730-2019329195643_3.wav	0	4.72
wav/iwslt2024_bho-hi-1730-2019329195643_4.wav	0	13.24
wav/iwslt2024_bho-hi-1730-2019329195643_5.wav	0	9.56
wav/iwslt2024_bho-hi-1730-2019329195643_6.wav	0	13.56
wav/iwslt2024_bho-hi-1730-2019329195643_8.wav	0	12.6
wav/iwslt2024_bho-hi-1730-2019329195643_9.wav	0	6.56
wav/iwslt2024_bho-hi-1730-2019329195643_10.wav	0	3.76
wav/iwslt2024_bho-hi-1730-2019329195643_11.wav	0	5.08
wav/iwslt2024_bho-hi-1730-2019329195643_13.wav	0	2.72
wav/iwslt2024_bho-hi-1730-2019329195643_14.wav	0	8.4
wav/iwslt2024_bho-hi-1730-2019329195643_15.wav	0	7.44
wav/iwslt2024_bho-hi-1730-2019329195643_17.wav	0	5.64
wav/iwslt2024_bho-hi-1730-2019329195643_18.wav	0	7.88
wav/iwslt2024_bho-hi-1730-2019329195643_20.wav	0	14.6
wav/iwslt2024_bho-hi-1730-2019329195643_21.wav	0	11.28
wav/iwslt2024_bho-hi-1730-2019329195643_23.wav	0	10.96
wav/iwslt2024_bho-hi-1730-2019329195643_24.wav	0	10.08
wav/iwslt2024_bho-hi-1730-2019329195643_25.wav	0	7.72
wav/iwslt2024_bho-hi-1730-2019329195643_26.wav	0	3.04
wav/iwslt2024_bho-hi-1730-2019329195643_27.wav	0	4.36
wav/iwslt2024_bho-hi-1730-2019329195643_28.wav	0	2.36
wav/iwslt2024_bho-hi-1730-2019329195643_29.wav	0	13.76
wav/iwslt2024_bho-hi-1730-2019330192419_1.wav	0	12.52
wav/iwslt2024_bho-hi-1730-2019330192419_2.wav	0	8.08
wav/iwslt2024_bho-hi-1730-2019330192419_3.wav	0	5.52
wav/iwslt2024_bho-hi-1730-2019330192419_4.wav	0	5.32
wav/iwslt2024_bho-hi-1730-2019330192419_5.wav	0	4.08
wav/iwslt2024_bho-hi-1730-2019330192419_6.wav	0	7.64
wav/iwslt2024_bho-hi-1730-2019330192419_7.wav	0	8.32
wav/iwslt2024_bho-hi-1730-2019330192419_8.wav	0	7.32
wav/iwslt2024_bho-hi-1730-2019330192419_9.wav	0	13
wav/iwslt2024_bho-hi-1730-2019330192419_10.wav	0	3.44
wav/iwslt2024_bho-hi-1730-2019330192419_11.wav	0	4.4
wav/iwslt2024_bho-hi-1730-2019330192419_12.wav	0	7.04
wav/iwslt2024_bho-hi-1730-2019330192419_13.wav	0	11.68
wav/iwslt2024_bho-hi-1730-2019330192419_14.wav	0	10.44
wav/iwslt2024_bho-hi-1730-2019330192419_15.wav	0	8
wav/iwslt2024_bho-hi-1730-2019330192419_16.wav	0	8.76
wav/iwslt2024_bho-hi-1730-2019330192419_17.wav	0	13
wav/iwslt2024_bho-hi-1730-2019330192419_21.wav	0	2.96
wav/iwslt2024_bho-hi-1730-2019330192419_22.wav	0	5.36
wav/iwslt2024_bho-hi-1730-2019330192419_23.wav	0	4.96
wav/iwslt2024_bho-hi-1730-2019330192419_24.wav	0	6.92
wav/iwslt2024_bho-hi-1730-2019330192419_25.wav	0	9.12
wav/iwslt2024_bho-hi-1730-2019330192419_26.wav	0	8.84
wav/iwslt2024_bho-hi-1730-2019330192419_27.wav	0	8
wav/iwslt2024_bho-hi-1730-2019330192419_28.wav	0	11.2
wav/iwslt2024_bho-hi-1730-2019330192419_29.wav	0	4.4
wav/iwslt2024_bho-hi-1730-2019330192419_30.wav	0	2.36
wav/iwslt2024_bho-hi-1730-2019330192419_31.wav	0	12.72
wav/iwslt2024_bho-hi-1730-2019330192419_32.wav	0	6.08
wav/iwslt2024_bho-hi-1730-2019411195623_1.wav	0	9.56
wav/iwslt2024_bho-hi-1730-2019411195623_2.wav	0	7.04
wav/iwslt2024_bho-hi-1730-2019411195623_4.wav	0	5.44
wav/iwslt2024_bho-hi-1730-2019411195623_5.wav	0	3.48
wav/iwslt2024_bho-hi-1730-2019411195623_6.wav	0	8.24
wav/iwslt2024_bho-hi-1730-2019411195623_7.wav	0	4.72
wav/iwslt2024_bho-hi-1730-2019411195623_8.wav	0	7.28
wav/iwslt2024_bho-hi-1730-2019411195623_11.wav	0	3.8
wav/iwslt2024_bho-hi-1730-2019411195623_12.wav	0	4.68
wav/iwslt2024_bho-hi-1730-2019411195623_13.wav	0	13.24
wav/iwslt2024_bho-hi-1730-2019411195623_14.wav	0	4.28
wav/iwslt2024_bho-hi-1730-2019411195623_15.wav	0	7.64
wav/iwslt2024_bho-hi-1730-2019411195623_16.wav	0	10.52
wav/iwslt2024_bho-hi-1730-2019411195623_17.wav	0	12.12
wav/iwslt2024_bho-hi-1730-2019411195623_18.wav	0	10.12
wav/iwslt2024_bho-hi-1730-2019411195623_19.wav	0	6.48
wav/iwslt2024_bho-hi-1730-2019411195623_20.wav	0	2.88
wav/iwslt2024_bho-hi-1730-2019411195623_21.wav	0	5.8
wav/iwslt2024_bho-hi-1730-2019411195623_23.wav	0	8.2
wav/iwslt2024_bho-hi-1730-2019411195623_24.wav	0	6.8
wav/iwslt2024_bho-hi-1730-2019411195623_25.wav	0	10.04
wav/iwslt2024_bho-hi-1730-2019411195623_26.wav	0	8.2
wav/iwslt2024_bho-hi-1730-2019411195623_28.wav	0	5.56
wav/iwslt2024_bho-hi-1730-2019411195623_29.wav	0	7.28
wav/iwslt2024_bho-hi-1730-2019411195623_30.wav	0	9.56
wav/iwslt2024_bho-hi-1730-2019411195623_31.wav	0	7.48
wav/iwslt2024_bho-hi-1730-2019411195623_32.wav	0	7.4
wav/iwslt2024_bho-hi-1730-2019412195316_1.wav	0	5.72
wav/iwslt2024_bho-hi-1730-2019412195316_2.wav	0	2.92
wav/iwslt2024_bho-hi-1730-2019412195316_3.wav	0	6.04
wav/iwslt2024_bho-hi-1730-2019412195316_4.wav	0	5.88
wav/iwslt2024_bho-hi-1730-2019412195316_5.wav	0	5.36
wav/iwslt2024_bho-hi-1730-2019412195316_6.wav	0	4.8
wav/iwslt2024_bho-hi-1730-2019412195316_7.wav	0	3.24
wav/iwslt2024_bho-hi-1730-2019412195316_8.wav	0	3.4
wav/iwslt2024_bho-hi-1730-2019412195316_9.wav	0	9
wav/iwslt2024_bho-hi-1730-2019412195316_10.wav	0	3.88
wav/iwslt2024_bho-hi-1730-2019412195316_11.wav	0	6.84
wav/iwslt2024_bho-hi-1730-2019412195316_12.wav	0	9.28
wav/iwslt2024_bho-hi-1730-2019412195316_13.wav	0	12.84
wav/iwslt2024_bho-hi-1730-2019412195316_14.wav	0	7.64
wav/iwslt2024_bho-hi-1730-2019412195316_15.wav	0	3.48
wav/iwslt2024_bho-hi-1730-2019412195316_16.wav	0	2.72
wav/iwslt2024_bho-hi-1730-2019412195316_17.wav	0	4.2
wav/iwslt2024_bho-hi-1730-2019412195316_18.wav	0	3.16
wav/iwslt2024_bho-hi-1730-2019412195316_20.wav	0	9.72
wav/iwslt2024_bho-hi-1730-2019412195316_21.wav	0	8.08
wav/iwslt2024_bho-hi-1730-2019412195316_22.wav	0	7.16
wav/iwslt2024_bho-hi-1730-2019412195316_23.wav	0	12.2
wav/iwslt2024_bho-hi-1730-2019412195316_24.wav	0	3.88
wav/iwslt2024_bho-hi-1730-2019412195316_25.wav	0	8.96
wav/iwslt2024_bho-hi-1730-2019412195316_26.wav	0	7.4
wav/iwslt2024_bho-hi-1730-2019412195316_27.wav	0	11.8
wav/iwslt2024_bho-hi-1730-2019412195316_28.wav	0	7.04
wav/iwslt2024_bho-hi-1730-2019412195316_29.wav	0	11.44
wav/iwslt2024_bho-hi-1730-2019412195316_30.wav	0	5.12
wav/iwslt2024_bho-hi-1730-2019412195316_31.wav	0	8.68
wav/iwslt2024_bho-hi-1730-2019412195316_32.wav	0	4.08
wav/iwslt2024_bho-hi-1730-2019412195316_33.wav	0	11.08
wav/iwslt2024_bho-hi-1730-2019412195316_34.wav	0	7.16
wav/iwslt2024_bho-hi-1730-2019412195316_36.wav	0	12.96
wav/iwslt2024_bho-hi-1730-2019412195316_38.wav	0	5.76
wav/iwslt2024_bho-hi-1730-2019412195316_39.wav	0	9.44
wav/iwslt2024_bho-hi-1730-2019413192930_1.wav	0	9.44
wav/iwslt2024_bho-hi-1730-2019413192930_2.wav	0	6.76
wav/iwslt2024_bho-hi-1730-2019413192930_3.wav	0	8.48
wav/iwslt2024_bho-hi-1730-2019413192930_4.wav	0	8.2
wav/iwslt2024_bho-hi-1730-2019413192930_5.wav	0	6.6
wav/iwslt2024_bho-hi-1730-2019413192930_6.wav	0	3.68
wav/iwslt2024_bho-hi-1730-2019413192930_7.wav	0	7.32
wav/iwslt2024_bho-hi-1730-2019413192930_8.wav	0	9.24
wav/iwslt2024_bho-hi-1730-2019413192930_9.wav	0	4.24
wav/iwslt2024_bho-hi-1730-2019413192930_10.wav	0	5.4
wav/iwslt2024_bho-hi-1730-2019413192930_11.wav	0	6.64
wav/iwslt2024_bho-hi-1730-2019413192930_13.wav	0	6.84
wav/iwslt2024_bho-hi-1730-2019413192930_14.wav	0	12.48
wav/iwslt2024_bho-hi-1730-2019413192930_15.wav	0	7.84
wav/iwslt2024_bho-hi-1730-2019413192930_16.wav	0	6.44
wav/iwslt2024_bho-hi-1730-2019413192930_17.wav	0	4.76
wav/iwslt2024_bho-hi-1730-2019413192930_18.wav	0	5.44
wav/iwslt2024_bho-hi-1730-2019413192930_19.wav	0	9.92
wav/iwslt2024_bho-hi-1730-2019413192930_20.wav	0	5.2
wav/iwslt2024_bho-hi-1730-2019413192930_21.wav	0	8.08
wav/iwslt2024_bho-hi-1730-2019413192930_22.wav	0	7.24
wav/iwslt2024_bho-hi-1730-2019413192930_23.wav	0	5.52
wav/iwslt2024_bho-hi-1730-2019413192930_24.wav	0	5.2
wav/iwslt2024_bho-hi-1730-2019413192930_25.wav	0	4.76
wav/iwslt2024_bho-hi-1730-2019413192930_26.wav	0	5.6
wav/iwslt2024_bho-hi-1730-2019413192930_27.wav	0	6.56
wav/iwslt2024_bho-hi-1730-2019413192930_28.wav	0	4.16
wav/iwslt2024_bho-hi-1730-2019413192930_29.wav	0	7.24
wav/iwslt2024_bho-hi-1730-2019413192930_30.wav	0	12.12
wav/iwslt2024_bho-hi-1730-2019413192930_32.wav	0	6
wav/iwslt2024_bho-hi-1730-2019413192930_33.wav	0	6.48
wav/iwslt2024_bho-hi-1730-2019413192930_34.wav	0	12.4
wav/iwslt2024_bho-hi-1730-2019413192930_35.wav	0	8.76
wav/iwslt2024_bho-hi-1730-2019413192930_36.wav	0	8.44
wav/iwslt2024_bho-hi-1730-2019414184037_1.wav	0	7.4
wav/iwslt2024_bho-hi-1730-2019414184037_2.wav	0	5.24
wav/iwslt2024_bho-hi-1730-2019414184037_3.wav	0	12.76
wav/iwslt2024_bho-hi-1730-2019414184037_4.wav	0	7.28
wav/iwslt2024_bho-hi-1730-2019414184037_5.wav	0	3.76
wav/iwslt2024_bho-hi-1730-2019414184037_6.wav	0	6.76
wav/iwslt2024_bho-hi-1730-2019414184037_7.wav	0	1.64
wav/iwslt2024_bho-hi-1730-2019414184037_8.wav	0	9.88
wav/iwslt2024_bho-hi-1730-2019414184037_9.wav	0	5.04
wav/iwslt2024_bho-hi-1730-2019414184037_13.wav	0	11.04
wav/iwslt2024_bho-hi-1730-2019414184037_14.wav	0	3.36
wav/iwslt2024_bho-hi-1730-2019414184037_15.wav	0	6.4
wav/iwslt2024_bho-hi-1730-2019414184037_16.wav	0	8.24
wav/iwslt2024_bho-hi-1730-2019414184037_17.wav	0	6.76
wav/iwslt2024_bho-hi-1730-2019414184037_18.wav	0	4.52
wav/iwslt2024_bho-hi-1730-2019414184037_19.wav	0	8.96
wav/iwslt2024_bho-hi-1730-2019414184037_20.wav	0	6.76
wav/iwslt2024_bho-hi-1730-2019414184037_21.wav	0	6.68
wav/iwslt2024_bho-hi-1730-2019414184037_22.wav	0	4
wav/iwslt2024_bho-hi-1730-2019414184037_23.wav	0	8.84
wav/iwslt2024_bho-hi-1730-2019414184037_24.wav	0	5.52
wav/iwslt2024_bho-hi-1730-2019414184037_26.wav	0	6.72
wav/iwslt2024_bho-hi-1730-2019414184037_27.wav	0	6.48
wav/iwslt2024_bho-hi-1730-2019414184037_28.wav	0	7.92
wav/iwslt2024_bho-hi-1730-2019414184037_29.wav	0	7.44
wav/iwslt2024_bho-hi-1730-2019414184037_30.wav	0	13.44
wav/iwslt2024_bho-hi-1730-2019414184037_31.wav	0	5.44
wav/iwslt2024_bho-hi-1730-2019414184037_32.wav	0	13.72
wav/iwslt2024_bho-hi-1730-2019414184037_33.wav	0	3.2
wav/iwslt2024_bho-hi-1730-2019510185817_1.wav	0	5
wav/iwslt2024_bho-hi-1730-2019510185817_5.wav	0	2.44
wav/iwslt2024_bho-hi-1730-2019510185817_8.wav	0	12.6
wav/iwslt2024_bho-hi-1730-2019510185817_9.wav	0	5.44
wav/iwslt2024_bho-hi-1730-2019510185817_10.wav	0	10.04
wav/iwslt2024_bho-hi-1730-2019510185817_11.wav	0	10.08
wav/iwslt2024_bho-hi-1730-2019510185817_12.wav	0	5.32
wav/iwslt2024_bho-hi-1730-2019510185817_13.wav	0	6.12
wav/iwslt2024_bho-hi-1730-2019510185817_14.wav	0	10.96
wav/iwslt2024_bho-hi-1730-2019510185817_15.wav	0	2.92
wav/iwslt2024_bho-hi-1730-2019510185817_16.wav	0	4.76
wav/iwslt2024_bho-hi-1730-2019510185817_17.wav	0	12.68
wav/iwslt2024_bho-hi-1730-2019510185817_18.wav	0	13.16
wav/iwslt2024_bho-hi-1730-2019510185817_19.wav	0	9.24
wav/iwslt2024_bho-hi-1730-2019510185817_20.wav	0	4.04
wav/iwslt2024_bho-hi-1730-2019510185817_21.wav	0	9.56
wav/iwslt2024_bho-hi-1730-2019510185817_22.wav	0	8.08
wav/iwslt2024_bho-hi-1730-2019510185817_23.wav	0	9.88
wav/iwslt2024_bho-hi-1730-2019510185817_24.wav	0	7.44
wav/iwslt2024_bho-hi-1730-2019510185817_25.wav	0	8.2
wav/iwslt2024_bho-hi-1730-2019510185817_26.wav	0	13.48
wav/iwslt2024_bho-hi-1730-2019510185817_27.wav	0	5.56
wav/iwslt2024_bho-hi-1730-2019510185817_28.wav	0	4.28
wav/iwslt2024_bho-hi-1730-2019510185817_29.wav	0	3.4
wav/iwslt2024_bho-hi-1730-2019510185817_30.wav	0	8.72
wav/iwslt2024_bho-hi-1730-2019510185817_31.wav	0	2.48
wav/iwslt2024_bho-hi-1730-2019510185817_34.wav	0	4.28
wav/iwslt2024_bho-hi-1730-2019510185817_35.wav	0	8
wav/iwslt2024_bho-hi-1730-2019510185817_36.wav	0	3.28
wav/iwslt2024_bho-hi-1730-2019510185817_37.wav	0	4.88
wav/iwslt2024_bho-hi-1730-2019510185817_38.wav	0	3.84
wav/iwslt2024_bho-hi-1730-2019510185817_39.wav	0	5.08
wav/iwslt2024_bho-hi-1730-2019510185817_40.wav	0	7.32
wav/iwslt2024_bho-hi-1730-2019511183040_1.wav	0	9.6
wav/iwslt2024_bho-hi-1730-2019511183040_5.wav	0	3
wav/iwslt2024_bho-hi-1730-2019511183040_6.wav	0	6.88
wav/iwslt2024_bho-hi-1730-2019511183040_8.wav	0	11.72
wav/iwslt2024_bho-hi-1730-2019511183040_9.wav	0	7.6
wav/iwslt2024_bho-hi-1730-2019511183040_10.wav	0	8.2
wav/iwslt2024_bho-hi-1730-2019511183040_11.wav	0	6.48
wav/iwslt2024_bho-hi-1730-2019511183040_13.wav	0	8.84
wav/iwslt2024_bho-hi-1730-2019511183040_14.wav	0	6.72
wav/iwslt2024_bho-hi-1730-2019511183040_15.wav	0	14.52
wav/iwslt2024_bho-hi-1730-2019511183040_16.wav	0	7.64
wav/iwslt2024_bho-hi-1730-2019511183040_17.wav	0	14.24
wav/iwslt2024_bho-hi-1730-2019511183040_18.wav	0	5.48
wav/iwslt2024_bho-hi-1730-2019511183040_19.wav	0	3.16
wav/iwslt2024_bho-hi-1730-2019511183040_20.wav	0	5.84
wav/iwslt2024_bho-hi-1730-2019511183040_22.wav	0	11.68
wav/iwslt2024_bho-hi-1730-2019511183040_23.wav	0	14.48
wav/iwslt2024_bho-hi-1730-2019511183040_24.wav	0	9.56
wav/iwslt2024_bho-hi-1730-2019511183040_25.wav	0	8.8
wav/iwslt2024_bho-hi-1730-2019511183040_26.wav	0	3.88
wav/iwslt2024_bho-hi-1730-2019511183040_27.wav	0	8.52
wav/iwslt2024_bho-hi-1730-2019511183040_28.wav	0	4.92
wav/iwslt2024_bho-hi-1730-2019511183040_29.wav	0	10.64
wav/iwslt2024_bho-hi-1730-2019512191653_2.wav	0	7.76
wav/iwslt2024_bho-hi-1730-2019512191653_7.wav	0	3.24
wav/iwslt2024_bho-hi-1730-2019512191653_9.wav	0	7.32
wav/iwslt2024_bho-hi-1730-2019512191653_10.wav	0	6.48
wav/iwslt2024_bho-hi-1730-2019512191653_12.wav	0	3.68
wav/iwslt2024_bho-hi-1730-2019512191653_13.wav	0	8.32
wav/iwslt2024_bho-hi-1730-2019512191653_14.wav	0	10.64
wav/iwslt2024_bho-hi-1730-2019512191653_15.wav	0	11.68
wav/iwslt2024_bho-hi-1730-2019512191653_17.wav	0	6.28
wav/iwslt2024_bho-hi-1730-2019512191653_20.wav	0	13.32
wav/iwslt2024_bho-hi-1730-2019512191653_21.wav	0	12.08
wav/iwslt2024_bho-hi-1730-2019512191653_22.wav	0	4.8
wav/iwslt2024_bho-hi-1730-2019512191653_24.wav	0	9.08
wav/iwslt2024_bho-hi-1730-2019512191653_25.wav	0	12.68
wav/iwslt2024_bho-hi-1730-2019512191653_26.wav	0	12.12
wav/iwslt2024_bho-hi-1730-2019512191653_27.wav	0	7.16
wav/iwslt2024_bho-hi-1730-2019512191653_28.wav	0	7.56
wav/iwslt2024_bho-hi-1730-2019513183532_3.wav	0	10.8
wav/iwslt2024_bho-hi-1730-2019513183532_4.wav	0	5.12
wav/iwslt2024_bho-hi-1730-2019513183532_5.wav	0	8.52
wav/iwslt2024_bho-hi-1730-2019513183532_8.wav	0	5.12
wav/iwslt2024_bho-hi-1730-2019513183532_9.wav	0	6.76
wav/iwslt2024_bho-hi-1730-2019513183532_10.wav	0	3.28
wav/iwslt2024_bho-hi-1730-2019513183532_11.wav	0	5.72
wav/iwslt2024_bho-hi-1730-2019513183532_12.wav	0	9.56
wav/iwslt2024_bho-hi-1730-2019513183532_13.wav	0	12.8
wav/iwslt2024_bho-hi-1730-2019513183532_14.wav	0	5.6
wav/iwslt2024_bho-hi-1730-2019513183532_15.wav	0	2.8
wav/iwslt2024_bho-hi-1730-2019513183532_16.wav	0	5.96
wav/iwslt2024_bho-hi-1730-2019513183532_17.wav	0	8.48
wav/iwslt2024_bho-hi-1730-2019513183532_18.wav	0	6.8
wav/iwslt2024_bho-hi-1730-2019513183532_19.wav	0	8.28
wav/iwslt2024_bho-hi-1730-2019513183532_20.wav	0	6.96
wav/iwslt2024_bho-hi-1730-2019513183532_21.wav	0	2.76
wav/iwslt2024_bho-hi-1730-2019513183532_23.wav	0	14.04
wav/iwslt2024_bho-hi-1730-2019513183532_24.wav	0	8.6
wav/iwslt2024_bho-hi-1730-2019513183532_27.wav	0	13.72
wav/iwslt2024_bho-hi-1730-2019513183532_28.wav	0	3
wav/iwslt2024_bho-hi-1730-2019513183532_29.wav	0	6.48
wav/iwslt2024_bho-hi-1730-2019513183532_30.wav	0	9.36
wav/iwslt2024_bho-hi-1730-2019513183532_31.wav	0	7.72
wav/iwslt2024_bho-hi-1730-2019513183532_32.wav	0	6.8
wav/iwslt2024_bho-hi-1730-2019513183532_33.wav	0	9.6
wav/iwslt2024_bho-hi-1730-2019514191427_3.wav	0	9.64
wav/iwslt2024_bho-hi-1730-2019514191427_5.wav	0	13.12
wav/iwslt2024_bho-hi-1730-2019514191427_6.wav	0	7.32
wav/iwslt2024_bho-hi-1730-2019514191427_7.wav	0	9.8
wav/iwslt2024_bho-hi-1730-2019514191427_8.wav	0	3.92
wav/iwslt2024_bho-hi-1730-2019514191427_9.wav	0	4.68
wav/iwslt2024_bho-hi-1730-2019514191427_10.wav	0	6.2
wav/iwslt2024_bho-hi-1730-2019514191427_11.wav	0	8.12
wav/iwslt2024_bho-hi-1730-2019514191427_12.wav	0	14.32
wav/iwslt2024_bho-hi-1730-2019514191427_13.wav	0	4.48
wav/iwslt2024_bho-hi-1730-2019514191427_14.wav	0	3.76
wav/iwslt2024_bho-hi-1730-2019514191427_15.wav	0	5.64
wav/iwslt2024_bho-hi-1730-2019514191427_16.wav	0	9.72
wav/iwslt2024_bho-hi-1730-2019514191427_17.wav	0	9.04
wav/iwslt2024_bho-hi-1730-2019514191427_18.wav	0	6.4
wav/iwslt2024_bho-hi-1730-2019514191427_19.wav	0	9.12
wav/iwslt2024_bho-hi-1730-2019514191427_20.wav	0	6.92
wav/iwslt2024_bho-hi-1730-2019514191427_21.wav	0	3.36
wav/iwslt2024_bho-hi-1730-2019514191427_22.wav	0	4.76
wav/iwslt2024_bho-hi-1730-2019514191427_24.wav	0	4.12
wav/iwslt2024_bho-hi-1730-2019514191427_25.wav	0	4.76
wav/iwslt2024_bho-hi-1730-2019514191427_26.wav	0	8
wav/iwslt2024_bho-hi-1730-2019514191427_27.wav	0	7.92
wav/iwslt2024_bho-hi-1730-2019514191427_28.wav	0	13.56
wav/iwslt2024_bho-hi-1730-2019514191427_29.wav	0	11.24
wav/iwslt2024_bho-hi-1730-2019514191427_31.wav	0	9.04
wav/iwslt2024_bho-hi-1730-2019514191427_32.wav	0	8.2
wav/iwslt2024_bho-hi-1730-2019514191427_33.wav	0	13.44
wav/iwslt2024_bho-hi-1730-2019514191427_34.wav	0	5.44
wav/iwslt2024_bho-hi-1730-2019514191427_35.wav	0	9.6
wav/iwslt2024_bho-hi-1730-2019514191427_36.wav	0	6.04
wav/iwslt2024_bho-hi-1730-2019519192338_1.wav	0	13.04
wav/iwslt2024_bho-hi-1730-2019519192338_2.wav	0	5.36
wav/iwslt2024_bho-hi-1730-2019519192338_9.wav	0	3.32
wav/iwslt2024_bho-hi-1730-2019519192338_11.wav	0	7.04
wav/iwslt2024_bho-hi-1730-2019519192338_12.wav	0	5.76
wav/iwslt2024_bho-hi-1730-2019519192338_13.wav	0	10.16
wav/iwslt2024_bho-hi-1730-2019519192338_14.wav	0	4.68
wav/iwslt2024_bho-hi-1730-2019519192338_15.wav	0	9.12
wav/iwslt2024_bho-hi-1730-2019519192338_16.wav	0	4.8
wav/iwslt2024_bho-hi-1730-2019519192338_18.wav	0	7.6
wav/iwslt2024_bho-hi-1730-2019519192338_19.wav	0	4.88
wav/iwslt2024_bho-hi-1730-2019519192338_20.wav	0	5.12
wav/iwslt2024_bho-hi-1730-2019519192338_21.wav	0	3.88
wav/iwslt2024_bho-hi-1730-2019519192338_22.wav	0	5
wav/iwslt2024_bho-hi-1730-2019519192338_23.wav	0	10
wav/iwslt2024_bho-hi-1730-2019519192338_25.wav	0	14.2
wav/iwslt2024_bho-hi-1730-2019519192338_26.wav	0	5.88
wav/iwslt2024_bho-hi-1730-2019519192338_27.wav	0	7.24
wav/iwslt2024_bho-hi-1730-2019519192338_28.wav	0	11.12
wav/iwslt2024_bho-hi-1730-2019520182741_1.wav	0	8.4
wav/iwslt2024_bho-hi-1730-2019520182741_2.wav	0	10.92
wav/iwslt2024_bho-hi-1730-2019520182741_3.wav	0	4.92
wav/iwslt2024_bho-hi-1730-2019520182741_4.wav	0	3.44
wav/iwslt2024_bho-hi-1730-2019520182741_6.wav	0	6.4
wav/iwslt2024_bho-hi-1730-2019520182741_7.wav	0	3.52
wav/iwslt2024_bho-hi-1730-2019520182741_8.wav	0	3.12
wav/iwslt2024_bho-hi-1730-2019520182741_9.wav	0	4.16
wav/iwslt2024_bho-hi-1730-2019520182741_15.wav	0	6.12
wav/iwslt2024_bho-hi-1730-2019520182741_16.wav	0	4.56
wav/iwslt2024_bho-hi-1730-2019520182741_17.wav	0	4.64
wav/iwslt2024_bho-hi-1730-2019520182741_18.wav	0	10.88
wav/iwslt2024_bho-hi-1730-2019520182741_19.wav	0	8.96
wav/iwslt2024_bho-hi-1730-2019520182741_20.wav	0	7.2
wav/iwslt2024_bho-hi-1730-2019520182741_21.wav	0	7.68
wav/iwslt2024_bho-hi-1730-2019520182741_22.wav	0	3.48
wav/iwslt2024_bho-hi-1730-2019520182741_23.wav	0	6.08
wav/iwslt2024_bho-hi-1730-2019520182741_24.wav	0	11.4
wav/iwslt2024_bho-hi-1730-2019520182741_26.wav	0	7.8
wav/iwslt2024_bho-hi-1730-2019520182741_27.wav	0	12.4
wav/iwslt2024_bho-hi-1730-2019520182741_28.wav	0	4.92
wav/iwslt2024_bho-hi-1730-2019520182741_29.wav	0	6.28
wav/iwslt2024_bho-hi-1730-2019520182741_32.wav	0	2.84
wav/iwslt2024_bho-hi-1730-2019520182741_33.wav	0	4.52
wav/iwslt2024_bho-hi-1730-2019520182741_34.wav	0	3.72
wav/iwslt2024_bho-hi-1730-2019520182741_35.wav	0	6.96
wav/iwslt2024_bho-hi-1730-2019520182741_36.wav	0	12.44
wav/iwslt2024_bho-hi-1730-2019521182147_1.wav	0	10.2
wav/iwslt2024_bho-hi-1730-2019521182147_2.wav	0	4.92
wav/iwslt2024_bho-hi-1730-2019521182147_4.wav	0	12.24
wav/iwslt2024_bho-hi-1730-2019521182147_5.wav	0	11.44
wav/iwslt2024_bho-hi-1730-2019521182147_6.wav	0	7.64
wav/iwslt2024_bho-hi-1730-2019521182147_7.wav	0	11
wav/iwslt2024_bho-hi-1730-2019521182147_8.wav	0	11.04
wav/iwslt2024_bho-hi-1730-2019521182147_9.wav	0	6.08
wav/iwslt2024_bho-hi-1730-2019521182147_10.wav	0	9.12
wav/iwslt2024_bho-hi-1730-2019521182147_11.wav	0	12.16
wav/iwslt2024_bho-hi-1730-2019521182147_12.wav	0	11.84
wav/iwslt2024_bho-hi-1730-2019521182147_13.wav	0	8.96
wav/iwslt2024_bho-hi-1730-2019521182147_16.wav	0	3.92
wav/iwslt2024_bho-hi-1730-2019521182147_17.wav	0	4.08
wav/iwslt2024_bho-hi-1730-2019521182147_18.wav	0	7.8
wav/iwslt2024_bho-hi-1730-2019521182147_19.wav	0	13.16
wav/iwslt2024_bho-hi-1730-2019521182147_20.wav	0	9.24
wav/iwslt2024_bho-hi-1730-2019521182147_26.wav	0	5.08
wav/iwslt2024_bho-hi-1730-2019521182147_27.wav	0	12.92
wav/iwslt2024_bho-hi-1730-2019521182147_28.wav	0	13.4
wav/iwslt2024_bho-hi-1730-2019521182147_29.wav	0	7.92
wav/iwslt2024_bho-hi-1730-2019522191742_1.wav	0	9.16
wav/iwslt2024_bho-hi-1730-2019522191742_2.wav	0	8.8
wav/iwslt2024_bho-hi-1730-2019522191742_3.wav	0	10
wav/iwslt2024_bho-hi-1730-2019522191742_4.wav	0	9.12
wav/iwslt2024_bho-hi-1730-2019522191742_5.wav	0	6.52
wav/iwslt2024_bho-hi-1730-2019522191742_6.wav	0	5.48
wav/iwslt2024_bho-hi-1730-2019522191742_7.wav	0	5.08
wav/iwslt2024_bho-hi-1730-2019522191742_8.wav	0	7.72
wav/iwslt2024_bho-hi-1730-2019522191742_9.wav	0	8.32
wav/iwslt2024_bho-hi-1730-2019522191742_10.wav	0	6.64
wav/iwslt2024_bho-hi-1730-2019522191742_11.wav	0	9.72
wav/iwslt2024_bho-hi-1730-2019522191742_12.wav	0	5.64
wav/iwslt2024_bho-hi-1730-2019522191742_13.wav	0	3.4
wav/iwslt2024_bho-hi-1730-2019522191742_14.wav	0	12.12
wav/iwslt2024_bho-hi-1730-2019522191742_15.wav	0	1.88
wav/iwslt2024_bho-hi-1730-2019522191742_16.wav	0	4.92
wav/iwslt2024_bho-hi-1730-2019522191742_18.wav	0	12.44
wav/iwslt2024_bho-hi-1730-2019522191742_19.wav	0	14.6
wav/iwslt2024_bho-hi-1730-2019522191742_20.wav	0	2.2
wav/iwslt2024_bho-hi-1730-2019522191742_21.wav	0	10.08
wav/iwslt2024_bho-hi-1730-2019522191742_22.wav	0	3
wav/iwslt2024_bho-hi-1730-2019522191742_23.wav	0	10.2
wav/iwslt2024_bho-hi-1730-2019522191742_24.wav	0	4.24
wav/iwslt2024_bho-hi-1730-2019522191742_25.wav	0	7.4
wav/iwslt2024_bho-hi-1730-2019522191742_26.wav	0	4.72
wav/iwslt2024_bho-hi-1730-2019522191742_27.wav	0	5.96
wav/iwslt2024_bho-hi-1730-2019522191742_28.wav	0	6.04
wav/iwslt2024_bho-hi-1730-2019522191742_29.wav	0	13.12
wav/iwslt2024_bho-hi-1730-2019522191742_30.wav	0	5.36
wav/iwslt2024_bho-hi-1730-2019522191742_31.wav	0	4.24
wav/iwslt2024_bho-hi-1730-2019522191742_32.wav	0	8.36
wav/iwslt2024_bho-hi-1730-2019522191742_33.wav	0	3.84
wav/iwslt2024_bho-hi-1730-2019522191742_34.wav	0	6.24
wav/iwslt2024_bho-hi-1730-2019522191742_35.wav	0	7.64
wav/iwslt2024_bho-hi-1730-2019522191742_36.wav	0	3.76
wav/iwslt2024_bho-hi-1730-2019522191742_37.wav	0	3.72
wav/iwslt2024_bho-hi-1730-2019522191742_38.wav	0	4.36
wav/iwslt2024_bho-hi-1730-2019522191742_39.wav	0	3.52
wav/iwslt2024_bho-hi-1730-2019522191742_40.wav	0	7.16
wav/iwslt2024_bho-hi-1730-2019522191742_41.wav	0	4.24
wav/iwslt2024_bho-hi-1730-2019522191742_42.wav	0	4
wav/iwslt2024_bho-hi-1730-2019522191742_43.wav	0	3.36
wav/iwslt2024_bho-hi-1730-2019526201425_2.wav	0	8.84
wav/iwslt2024_bho-hi-1730-2019526201425_3.wav	0	5.56
wav/iwslt2024_bho-hi-1730-2019526201425_4.wav	0	5.96
wav/iwslt2024_bho-hi-1730-2019526201425_5.wav	0	5.28
wav/iwslt2024_bho-hi-1730-2019526201425_6.wav	0	10.96
wav/iwslt2024_bho-hi-1730-2019526201425_7.wav	0	4.8
wav/iwslt2024_bho-hi-1730-2019526201425_8.wav	0	6.36
wav/iwslt2024_bho-hi-1730-2019526201425_9.wav	0	3.28
wav/iwslt2024_bho-hi-1730-2019526201425_10.wav	0	12.04
wav/iwslt2024_bho-hi-1730-2019526201425_11.wav	0	13.52
wav/iwslt2024_bho-hi-1730-2019526201425_12.wav	0	5.28
wav/iwslt2024_bho-hi-1730-2019526201425_13.wav	0	9.04
wav/iwslt2024_bho-hi-1730-2019526201425_14.wav	0	6.64
wav/iwslt2024_bho-hi-1730-2019526201425_15.wav	0	14.96
wav/iwslt2024_bho-hi-1730-2019526201425_16.wav	0	10.88
wav/iwslt2024_bho-hi-1730-2019526201425_17.wav	0	6.32
wav/iwslt2024_bho-hi-1730-2019526201425_19.wav	0	13.76
wav/iwslt2024_bho-hi-1730-2019526201425_20.wav	0	11.52
wav/iwslt2024_bho-hi-1730-2019526201425_22.wav	0	13.28
wav/iwslt2024_bho-hi-1730-2019526201425_23.wav	0	13.44
wav/iwslt2024_bho-hi-1730-2019526201425_26.wav	0	5.12
wav/iwslt2024_bho-hi-1730-2019526201425_27.wav	0	8.24
wav/iwslt2024_bho-hi-1730-2019526201425_28.wav	0	10.92
wav/iwslt2024_bho-hi-1730-2019615194736_1.wav	0	9.88
wav/iwslt2024_bho-hi-1730-2019615194736_2.wav	0	9.12
wav/iwslt2024_bho-hi-1730-2019615194736_3.wav	0	6.68
wav/iwslt2024_bho-hi-1730-2019615194736_4.wav	0	8.16
wav/iwslt2024_bho-hi-1730-2019615194736_5.wav	0	8.36
wav/iwslt2024_bho-hi-1730-2019615194736_6.wav	0	5.6
wav/iwslt2024_bho-hi-1730-2019615194736_7.wav	0	7.76
wav/iwslt2024_bho-hi-1730-2019615194736_8.wav	0	7.04
wav/iwslt2024_bho-hi-1730-2019615194736_9.wav	0	12.72
wav/iwslt2024_bho-hi-1730-2019615194736_10.wav	0	5.4
wav/iwslt2024_bho-hi-1730-2019615194736_11.wav	0	6.92
wav/iwslt2024_bho-hi-1730-2019615194736_12.wav	0	8.68
wav/iwslt2024_bho-hi-1730-2019615194736_13.wav	0	8.04
wav/iwslt2024_bho-hi-1730-2019615194736_14.wav	0	8.6
wav/iwslt2024_bho-hi-1730-2019615194736_15.wav	0	9.72
wav/iwslt2024_bho-hi-1730-2019615194736_16.wav	0	10.28
wav/iwslt2024_bho-hi-1730-2019615194736_17.wav	0	10
wav/iwslt2024_bho-hi-1730-2019615194736_18.wav	0	5.32
wav/iwslt2024_bho-hi-1730-2019615194736_19.wav	0	13.6
wav/iwslt2024_bho-hi-1730-2019615194736_20.wav	0	4.12
wav/iwslt2024_bho-hi-1730-2019615194736_21.wav	0	8.4
wav/iwslt2024_bho-hi-1730-2019615194736_22.wav	0	8.92
wav/iwslt2024_bho-hi-1730-2019615194736_24.wav	0	11.52
wav/iwslt2024_bho-hi-1730-2019615194736_25.wav	0	6.4
wav/iwslt2024_bho-hi-1730-2019615194736_26.wav	0	4.68
wav/iwslt2024_bho-hi-1730-2019615194736_27.wav	0	6.6
wav/iwslt2024_bho-hi-1730-2019615194736_28.wav	0	13.04
wav/iwslt2024_bho-hi-1730-2019615194736_29.wav	0	9.08
wav/iwslt2024_bho-hi-1730-2019615194736_30.wav	0	13.36
wav/iwslt2024_bho-hi-1730-2019618193814_1.wav	0	3.92
wav/iwslt2024_bho-hi-1730-2019618193814_2.wav	0	4.08
wav/iwslt2024_bho-hi-1730-2019618193814_3.wav	0	10.8
wav/iwslt2024_bho-hi-1730-2019618193814_4.wav	0	9.8
wav/iwslt2024_bho-hi-1730-2019618193814_5.wav	0	13.6
wav/iwslt2024_bho-hi-1730-2019618193814_6.wav	0	6.44
wav/iwslt2024_bho-hi-1730-2019618193814_8.wav	0	7.08
wav/iwslt2024_bho-hi-1730-2019618193814_9.wav	0	3.56
wav/iwslt2024_bho-hi-1730-2019618193814_10.wav	0	13
wav/iwslt2024_bho-hi-1730-2019618193814_11.wav	0	9.4
wav/iwslt2024_bho-hi-1730-2019618193814_12.wav	0	6.2
wav/iwslt2024_bho-hi-1730-2019618193814_13.wav	0	7.92
wav/iwslt2024_bho-hi-1730-2019618193814_14.wav	0	7.88
wav/iwslt2024_bho-hi-1730-2019618193814_15.wav	0	9.08
wav/iwslt2024_bho-hi-1730-2019618193814_16.wav	0	9.68
wav/iwslt2024_bho-hi-1730-2019618193814_17.wav	0	6.64
wav/iwslt2024_bho-hi-1730-2019618193814_18.wav	0	9.4
wav/iwslt2024_bho-hi-1730-2019618193814_19.wav	0	9.36
wav/iwslt2024_bho-hi-1730-2019618193814_20.wav	0	10.28
wav/iwslt2024_bho-hi-1730-2019618193814_21.wav	0	3.96
wav/iwslt2024_bho-hi-1730-2019618193814_22.wav	0	4.64
wav/iwslt2024_bho-hi-1730-2019618193814_23.wav	0	11.32
wav/iwslt2024_bho-hi-1730-2019618193814_24.wav	0	8.8
wav/iwslt2024_bho-hi-1730-2019618193814_25.wav	0	8
wav/iwslt2024_bho-hi-1730-2019618193814_26.wav	0	12.88
wav/iwslt2024_bho-hi-1730-2019618193814_27.wav	0	7.68
wav/iwslt2024_bho-hi-1730-2019618193814_28.wav	0	6.88
wav/iwslt2024_bho-hi-1730-2019618193814_29.wav	0	5.04
wav/iwslt2024_bho-hi-1730-2019618193814_30.wav	0	5.36
wav/iwslt2024_bho-hi-1730-2019618193814_31.wav	0	2.96
wav/iwslt2024_bho-hi-1730-2019618193814_32.wav	0	10.24
wav/iwslt2024_bho-hi-1730-2019618193814_33.wav	0	14
wav/iwslt2024_bho-hi-1730-2019619191639_2.wav	0	6.28
wav/iwslt2024_bho-hi-1730-2019619191639_3.wav	0	4.68
wav/iwslt2024_bho-hi-1730-2019619191639_4.wav	0	7.32
wav/iwslt2024_bho-hi-1730-2019619191639_5.wav	0	10.4
wav/iwslt2024_bho-hi-1730-2019619191639_6.wav	0	9.96
wav/iwslt2024_bho-hi-1730-2019619191639_7.wav	0	8
wav/iwslt2024_bho-hi-1730-2019619191639_8.wav	0	7.68
wav/iwslt2024_bho-hi-1730-2019619191639_9.wav	0	4.12
wav/iwslt2024_bho-hi-1730-2019619191639_10.wav	0	11
wav/iwslt2024_bho-hi-1730-2019619191639_11.wav	0	6.16
wav/iwslt2024_bho-hi-1730-2019619191639_12.wav	0	3.96
wav/iwslt2024_bho-hi-1730-2019619191639_13.wav	0	12.64
wav/iwslt2024_bho-hi-1730-2019619191639_14.wav	0	4.96
wav/iwslt2024_bho-hi-1730-2019619191639_15.wav	0	9.84
wav/iwslt2024_bho-hi-1730-2019619191639_16.wav	0	8.32
wav/iwslt2024_bho-hi-1730-2019619191639_18.wav	0	5.48
wav/iwslt2024_bho-hi-1730-2019619191639_20.wav	0	11
wav/iwslt2024_bho-hi-1730-2019619191639_21.wav	0	7.36
wav/iwslt2024_bho-hi-1730-2019619191639_22.wav	0	13.04
wav/iwslt2024_bho-hi-1730-2019619191639_23.wav	0	5.24
wav/iwslt2024_bho-hi-1730-2019619191639_24.wav	0	5.16
wav/iwslt2024_bho-hi-1730-2019619191639_25.wav	0	8.44
wav/iwslt2024_bho-hi-1730-2019619191639_26.wav	0	10.04
wav/iwslt2024_bho-hi-1730-2019619191639_27.wav	0	5.92
wav/iwslt2024_bho-hi-1730-2019619191639_28.wav	0	11.76
wav/iwslt2024_bho-hi-1730-2019619191639_29.wav	0	6.2
wav/iwslt2024_bho-hi-1730-2019619191639_30.wav	0	11.28
wav/iwslt2024_bho-hi-1730-2019619191639_32.wav	0	3.44
wav/iwslt2024_bho-hi-1730-2019619191639_33.wav	0	7.64
wav/iwslt2024_bho-hi-1730-2019620192659_1.wav	0	4.76
wav/iwslt2024_bho-hi-1730-2019620192659_2.wav	0	10.36
wav/iwslt2024_bho-hi-1730-2019620192659_3.wav	0	7.36
wav/iwslt2024_bho-hi-1730-2019620192659_4.wav	0	5.36
wav/iwslt2024_bho-hi-1730-2019620192659_5.wav	0	10.48
wav/iwslt2024_bho-hi-1730-2019620192659_6.wav	0	14.44
wav/iwslt2024_bho-hi-1730-2019620192659_8.wav	0	7.04
wav/iwslt2024_bho-hi-1730-2019620192659_9.wav	0	5.76
wav/iwslt2024_bho-hi-1730-2019620192659_10.wav	0	5.16
wav/iwslt2024_bho-hi-1730-2019620192659_11.wav	0	3.52
wav/iwslt2024_bho-hi-1730-2019620192659_12.wav	0	3.48
wav/iwslt2024_bho-hi-1730-2019620192659_13.wav	0	3
wav/iwslt2024_bho-hi-1730-2019620192659_14.wav	0	10.24
wav/iwslt2024_bho-hi-1730-2019620192659_15.wav	0	7.52
wav/iwslt2024_bho-hi-1730-2019620192659_16.wav	0	7.28
wav/iwslt2024_bho-hi-1730-2019620192659_18.wav	0	3.08
wav/iwslt2024_bho-hi-1730-2019620192659_19.wav	0	5.88
wav/iwslt2024_bho-hi-1730-2019620192659_20.wav	0	12.28
wav/iwslt2024_bho-hi-1730-2019620192659_21.wav	0	5.6
wav/iwslt2024_bho-hi-1730-2019620192659_22.wav	0	13.72
wav/iwslt2024_bho-hi-1730-2019620192659_24.wav	0	5.44
wav/iwslt2024_bho-hi-1730-2019620192659_25.wav	0	4.72
wav/iwslt2024_bho-hi-1730-2019620192659_26.wav	0	9.04
wav/iwslt2024_bho-hi-1730-2019620192659_27.wav	0	1.8
wav/iwslt2024_bho-hi-1730-2019620192659_28.wav	0	7.8
wav/iwslt2024_bho-hi-1730-2019620192659_29.wav	0	6.48
wav/iwslt2024_bho-hi-1730-2019620192659_30.wav	0	7.16
wav/iwslt2024_bho-hi-1730-2019620192659_31.wav	0	10
wav/iwslt2024_bho-hi-1730-2019620192659_32.wav	0	10.28
wav/iwslt2024_bho-hi-1730-2019620192659_33.wav	0	3.84
wav/iwslt2024_bho-hi-1730-2019622185152_1.wav	0	12.4
wav/iwslt2024_bho-hi-1730-2019622185152_2.wav	0	4.92
wav/iwslt2024_bho-hi-1730-2019622185152_3.wav	0	6.4
wav/iwslt2024_bho-hi-1730-2019622185152_4.wav	0	11.76
wav/iwslt2024_bho-hi-1730-2019622185152_5.wav	0	11.84
wav/iwslt2024_bho-hi-1730-2019622185152_7.wav	0	11.84
wav/iwslt2024_bho-hi-1730-2019622185152_8.wav	0	7
wav/iwslt2024_bho-hi-1730-2019622185152_9.wav	0	5.4
wav/iwslt2024_bho-hi-1730-2019622185152_10.wav	0	3.64
wav/iwslt2024_bho-hi-1730-2019622185152_12.wav	0	6.16
wav/iwslt2024_bho-hi-1730-2019622185152_13.wav	0	8.44
wav/iwslt2024_bho-hi-1730-2019622185152_14.wav	0	14.24
wav/iwslt2024_bho-hi-1730-2019622185152_15.wav	0	8
wav/iwslt2024_bho-hi-1730-2019622185152_16.wav	0	6.72
wav/iwslt2024_bho-hi-1730-2019622185152_17.wav	0	6.56
wav/iwslt2024_bho-hi-1730-2019622185152_18.wav	0	10.8
wav/iwslt2024_bho-hi-1730-2019622185152_19.wav	0	5.24
wav/iwslt2024_bho-hi-1730-2019622185152_20.wav	0	14.08
wav/iwslt2024_bho-hi-1730-2019622185152_21.wav	0	5.64
wav/iwslt2024_bho-hi-1730-2019622185152_22.wav	0	4.56
wav/iwslt2024_bho-hi-1730-2019622185152_23.wav	0	5.4
wav/iwslt2024_bho-hi-1730-2019622185152_24.wav	0	12.68
wav/iwslt2024_bho-hi-1730-2019622185152_25.wav	0	5.6
wav/iwslt2024_bho-hi-1730-2019622185152_26.wav	0	8.4
wav/iwslt2024_bho-hi-1730-2019622185152_27.wav	0	9.24
wav/iwslt2024_bho-hi-1730-2019622185152_28.wav	0	7.44
wav/iwslt2024_bho-hi-1730-2019622185152_29.wav	0	5.88
wav/iwslt2024_bho-hi-1730-2019622185152_30.wav	0	4.48
wav/iwslt2024_bho-hi-1730-2019622185152_31.wav	0	5.52
wav/iwslt2024_bho-hi-1730-2019622185152_32.wav	0	13
wav/iwslt2024_bho-hi-1730-2019624184435_1.wav	0	4.6
wav/iwslt2024_bho-hi-1730-2019624184435_2.wav	0	3.96
wav/iwslt2024_bho-hi-1730-2019624184435_4.wav	0	8.48
wav/iwslt2024_bho-hi-1730-2019624184435_5.wav	0	5.56
wav/iwslt2024_bho-hi-1730-2019624184435_6.wav	0	13.16
wav/iwslt2024_bho-hi-1730-2019624184435_7.wav	0	3
wav/iwslt2024_bho-hi-1730-2019624184435_8.wav	0	11.56
wav/iwslt2024_bho-hi-1730-2019624184435_9.wav	0	4.88
wav/iwslt2024_bho-hi-1730-2019624184435_10.wav	0	6.68
wav/iwslt2024_bho-hi-1730-2019624184435_11.wav	0	4.28
wav/iwslt2024_bho-hi-1730-2019624184435_12.wav	0	6.6
wav/iwslt2024_bho-hi-1730-2019624184435_13.wav	0	6.2
wav/iwslt2024_bho-hi-1730-2019624184435_14.wav	0	5.28
wav/iwslt2024_bho-hi-1730-2019624184435_15.wav	0	8.84
wav/iwslt2024_bho-hi-1730-2019624184435_18.wav	0	13.48
wav/iwslt2024_bho-hi-1730-2019624184435_19.wav	0	4.48
wav/iwslt2024_bho-hi-1730-2019624184435_20.wav	0	5.72
wav/iwslt2024_bho-hi-1730-2019624184435_21.wav	0	10.04
wav/iwslt2024_bho-hi-1730-2019624184435_22.wav	0	7.04
wav/iwslt2024_bho-hi-1730-2019624184435_24.wav	0	6.6
wav/iwslt2024_bho-hi-1730-2019624184435_25.wav	0	6.16
wav/iwslt2024_bho-hi-1730-2019624184435_26.wav	0	5.08
wav/iwslt2024_bho-hi-1730-2019624184435_28.wav	0	8.12
wav/iwslt2024_bho-hi-1730-2019624184435_29.wav	0	10.6
wav/iwslt2024_bho-hi-1730-2019624184435_30.wav	0	5.28
wav/iwslt2024_bho-hi-1730-2019625182721_3.wav	0	6.64
wav/iwslt2024_bho-hi-1730-2019625182721_4.wav	0	9.08
wav/iwslt2024_bho-hi-1730-2019625182721_5.wav	0	3.56
wav/iwslt2024_bho-hi-1730-2019625182721_6.wav	0	6.6
wav/iwslt2024_bho-hi-1730-2019625182721_7.wav	0	10.36
wav/iwslt2024_bho-hi-1730-2019625182721_8.wav	0	9.16
wav/iwslt2024_bho-hi-1730-2019625182721_9.wav	0	10
wav/iwslt2024_bho-hi-1730-2019625182721_10.wav	0	4.04
wav/iwslt2024_bho-hi-1730-2019625182721_11.wav	0	7.52
wav/iwslt2024_bho-hi-1730-2019625182721_12.wav	0	11.24
wav/iwslt2024_bho-hi-1730-2019625182721_13.wav	0	6.28
wav/iwslt2024_bho-hi-1730-2019625182721_14.wav	0	12.12
wav/iwslt2024_bho-hi-1730-2019625182721_15.wav	0	4
wav/iwslt2024_bho-hi-1730-2019625182721_16.wav	0	6.44
wav/iwslt2024_bho-hi-1730-2019625182721_17.wav	0	9.32
wav/iwslt2024_bho-hi-1730-2019625182721_18.wav	0	6.08
wav/iwslt2024_bho-hi-1730-2019625182721_19.wav	0	7.28
wav/iwslt2024_bho-hi-1730-2019625182721_20.wav	0	4.48
wav/iwslt2024_bho-hi-1730-2019625182721_22.wav	0	11.8
wav/iwslt2024_bho-hi-1730-2019625182721_32.wav	0	12.88
wav/iwslt2024_bho-hi-1730-2019626195645_1.wav	0	3.48
wav/iwslt2024_bho-hi-1730-2019626195645_3.wav	0	13.64
wav/iwslt2024_bho-hi-1730-2019626195645_4.wav	0	13.92
wav/iwslt2024_bho-hi-1730-2019626195645_5.wav	0	9.84
wav/iwslt2024_bho-hi-1730-2019626195645_6.wav	0	6.96
wav/iwslt2024_bho-hi-1730-2019626195645_7.wav	0	5.2
wav/iwslt2024_bho-hi-1730-2019626195645_8.wav	0	6.68
wav/iwslt2024_bho-hi-1730-2019626195645_9.wav	0	1.96
wav/iwslt2024_bho-hi-1730-2019626195645_11.wav	0	9.24
wav/iwslt2024_bho-hi-1730-2019626195645_12.wav	0	6.6
wav/iwslt2024_bho-hi-1730-2019626195645_13.wav	0	8.04
wav/iwslt2024_bho-hi-1730-2019626195645_14.wav	0	13.56
wav/iwslt2024_bho-hi-1730-2019626195645_15.wav	0	3.24
wav/iwslt2024_bho-hi-1730-2019626195645_16.wav	0	9.92
wav/iwslt2024_bho-hi-1730-2019626195645_23.wav	0	12.48
wav/iwslt2024_bho-hi-1730-2019626195645_25.wav	0	6.44
wav/iwslt2024_bho-hi-1730-2019626195645_26.wav	0	8.04
wav/iwslt2024_bho-hi-1730-2019626195645_27.wav	0	5.96
wav/iwslt2024_bho-hi-1730-2019626195645_28.wav	0	3.88
wav/iwslt2024_bho-hi-1730-2019626195645_29.wav	0	5.56
wav/iwslt2024_bho-hi-1730-2019626195645_30.wav	0	9.8
wav/iwslt2024_bho-hi-1730-2019626195645_31.wav	0	9.24
wav/iwslt2024_bho-hi-1730-2019626195645_32.wav	0	3.28
wav/iwslt2024_bho-hi-1730-2019626195645_33.wav	0	3.92
wav/iwslt2024_bho-hi-1730-2019628193238_1.wav	0	7.32
wav/iwslt2024_bho-hi-1730-2019628193238_2.wav	0	9.32
wav/iwslt2024_bho-hi-1730-2019628193238_3.wav	0	14.2
wav/iwslt2024_bho-hi-1730-2019628193238_5.wav	0	3.52
wav/iwslt2024_bho-hi-1730-2019628193238_7.wav	0	8.68
wav/iwslt2024_bho-hi-1730-2019628193238_8.wav	0	10.16
wav/iwslt2024_bho-hi-1730-2019628193238_9.wav	0	7.4
wav/iwslt2024_bho-hi-1730-2019628193238_10.wav	0	8.36
wav/iwslt2024_bho-hi-1730-2019628193238_11.wav	0	5.12
wav/iwslt2024_bho-hi-1730-2019628193238_12.wav	0	8.08
wav/iwslt2024_bho-hi-1730-2019628193238_13.wav	0	4.28
wav/iwslt2024_bho-hi-1730-2019628193238_14.wav	0	4.52
wav/iwslt2024_bho-hi-1730-2019628193238_15.wav	0	5.96
wav/iwslt2024_bho-hi-1730-2019628193238_17.wav	0	6.36
wav/iwslt2024_bho-hi-1730-2019628193238_18.wav	0	9.6
wav/iwslt2024_bho-hi-1730-2019628193238_19.wav	0	13.2
wav/iwslt2024_bho-hi-1730-2019628193238_20.wav	0	3.28
wav/iwslt2024_bho-hi-1730-2019628193238_21.wav	0	13.12
wav/iwslt2024_bho-hi-1730-2019628193238_23.wav	0	4.68
wav/iwslt2024_bho-hi-1730-2019628193238_24.wav	0	2.4
wav/iwslt2024_bho-hi-1730-2019628193238_25.wav	0	6.96
wav/iwslt2024_bho-hi-1730-2019628193238_26.wav	0	8
wav/iwslt2024_bho-hi-1730-2019628193238_27.wav	0	13.72
wav/iwslt2024_bho-hi-1730-2019628193238_28.wav	0	6.96
wav/iwslt2024_bho-hi-1730-2019628193238_29.wav	0	5.76
wav/iwslt2024_bho-hi-1730-2019628193238_30.wav	0	10.08
wav/iwslt2024_bho-hi-1730-2019710191616_1.wav	0	7.56
wav/iwslt2024_bho-hi-1730-2019710191616_2.wav	0	6.64
wav/iwslt2024_bho-hi-1730-2019710191616_3.wav	0	3.6
wav/iwslt2024_bho-hi-1730-2019710191616_4.wav	0	5.8
wav/iwslt2024_bho-hi-1730-2019710191616_5.wav	0	3
wav/iwslt2024_bho-hi-1730-2019710191616_6.wav	0	11.84
wav/iwslt2024_bho-hi-1730-2019710191616_7.wav	0	7.24
wav/iwslt2024_bho-hi-1730-2019710191616_9.wav	0	9.16
wav/iwslt2024_bho-hi-1730-2019710191616_10.wav	0	4.76
wav/iwslt2024_bho-hi-1730-2019710191616_11.wav	0	8.44
wav/iwslt2024_bho-hi-1730-2019710191616_13.wav	0	10.96
wav/iwslt2024_bho-hi-1730-2019710191616_14.wav	0	8.92
wav/iwslt2024_bho-hi-1730-2019710191616_15.wav	0	6.32
wav/iwslt2024_bho-hi-1730-2019710191616_16.wav	0	11.16
wav/iwslt2024_bho-hi-1730-2019710191616_17.wav	0	7
wav/iwslt2024_bho-hi-1730-2019710191616_18.wav	0	6.44
wav/iwslt2024_bho-hi-1730-2019710191616_19.wav	0	6.04
wav/iwslt2024_bho-hi-1730-2019710191616_20.wav	0	8.8
wav/iwslt2024_bho-hi-1730-2019710191616_21.wav	0	3.52
wav/iwslt2024_bho-hi-1730-2019710191616_22.wav	0	10.84
wav/iwslt2024_bho-hi-1730-2019710191616_23.wav	0	3.28
wav/iwslt2024_bho-hi-1730-2019710191616_24.wav	0	9.04
wav/iwslt2024_bho-hi-1730-2019710191616_25.wav	0	6.68
wav/iwslt2024_bho-hi-1730-2019710191616_26.wav	0	9.32
wav/iwslt2024_bho-hi-1730-2019710191616_27.wav	0	13.24
wav/iwslt2024_bho-hi-1730-2019710191616_28.wav	0	6.64
wav/iwslt2024_bho-hi-1730-2019710191616_29.wav	0	5.12
wav/iwslt2024_bho-hi-1730-2019710191616_30.wav	0	6.52
wav/iwslt2024_bho-hi-1730-2019710191616_31.wav	0	11.92
wav/iwslt2024_bho-hi-1730-2019710191616_32.wav	0	2.84
wav/iwslt2024_bho-hi-1730-2019710191616_33.wav	0	3.52
wav/iwslt2024_bho-hi-1730-2019710191616_34.wav	0	12.88
wav/iwslt2024_bho-hi-1730-2019710191616_35.wav	0	4.76
wav/iwslt2024_bho-hi-1730-2019710191616_36.wav	0	1.88
wav/iwslt2024_bho-hi-1730-2019711191743_1.wav	0	10.96
wav/iwslt2024_bho-hi-1730-2019711191743_3.wav	0	5.56
wav/iwslt2024_bho-hi-1730-2019711191743_4.wav	0	11.96
wav/iwslt2024_bho-hi-1730-2019711191743_6.wav	0	10.8
wav/iwslt2024_bho-hi-1730-2019711191743_7.wav	0	3.24
wav/iwslt2024_bho-hi-1730-2019711191743_8.wav	0	8.08
wav/iwslt2024_bho-hi-1730-2019711191743_9.wav	0	11.4
wav/iwslt2024_bho-hi-1730-2019711191743_10.wav	0	9.28
wav/iwslt2024_bho-hi-1730-2019711191743_11.wav	0	5.16
wav/iwslt2024_bho-hi-1730-2019711191743_13.wav	0	6.64
wav/iwslt2024_bho-hi-1730-2019711191743_15.wav	0	2.52
wav/iwslt2024_bho-hi-1730-2019711191743_16.wav	0	3.72
wav/iwslt2024_bho-hi-1730-2019711191743_18.wav	0	3.84
wav/iwslt2024_bho-hi-1730-2019711191743_19.wav	0	2.8
wav/iwslt2024_bho-hi-1730-2019711191743_20.wav	0	7.08
wav/iwslt2024_bho-hi-1730-2019711191743_21.wav	0	13.6
wav/iwslt2024_bho-hi-1730-2019711191743_22.wav	0	5.84
wav/iwslt2024_bho-hi-1730-2019711191743_23.wav	0	6.8
wav/iwslt2024_bho-hi-1730-2019711191743_24.wav	0	7.12
wav/iwslt2024_bho-hi-1730-2019711191743_25.wav	0	4.36
wav/iwslt2024_bho-hi-1730-2019711191743_26.wav	0	4.84
wav/iwslt2024_bho-hi-1730-2019711191743_27.wav	0	3.16
wav/iwslt2024_bho-hi-1730-2019711191743_28.wav	0	9.2
wav/iwslt2024_bho-hi-1730-2019711191743_29.wav	0	8.08
wav/iwslt2024_bho-hi-1730-2019711191743_30.wav	0	12.76
wav/iwslt2024_bho-hi-1730-2019711191743_31.wav	0	6.8
wav/iwslt2024_bho-hi-1730-2019711191743_32.wav	0	4.24
wav/iwslt2024_bho-hi-1730-2019713192241_1.wav	0	11.16
wav/iwslt2024_bho-hi-1730-2019713192241_2.wav	0	7.52
wav/iwslt2024_bho-hi-1730-2019713192241_3.wav	0	7.32
wav/iwslt2024_bho-hi-1730-2019713192241_6.wav	0	13.24
wav/iwslt2024_bho-hi-1730-2019713192241_7.wav	0	2.52
wav/iwslt2024_bho-hi-1730-2019713192241_8.wav	0	14.4
wav/iwslt2024_bho-hi-1730-2019713192241_9.wav	0	8.36
wav/iwslt2024_bho-hi-1730-2019713192241_11.wav	0	5.32
wav/iwslt2024_bho-hi-1730-2019713192241_12.wav	0	3.96
wav/iwslt2024_bho-hi-1730-2019713192241_14.wav	0	6.32
wav/iwslt2024_bho-hi-1730-2019713192241_15.wav	0	3.84
wav/iwslt2024_bho-hi-1730-2019713192241_16.wav	0	4.4
wav/iwslt2024_bho-hi-1730-2019713192241_17.wav	0	14.36
wav/iwslt2024_bho-hi-1730-2019713192241_18.wav	0	14.2
wav/iwslt2024_bho-hi-1730-2019713192241_19.wav	0	3.92
wav/iwslt2024_bho-hi-1730-2019713192241_20.wav	0	13.88
wav/iwslt2024_bho-hi-1730-2019713192241_21.wav	0	9.56
wav/iwslt2024_bho-hi-1730-2019713192241_22.wav	0	6.52
wav/iwslt2024_bho-hi-1730-2019713192241_23.wav	0	6.44
wav/iwslt2024_bho-hi-1730-2019713192241_24.wav	0	12.44
wav/iwslt2024_bho-hi-1730-2019714193026_1.wav	0	6.44
wav/iwslt2024_bho-hi-1730-2019714193026_2.wav	0	8.32
wav/iwslt2024_bho-hi-1730-2019714193026_3.wav	0	4.72
wav/iwslt2024_bho-hi-1730-2019714193026_4.wav	0	6.28
wav/iwslt2024_bho-hi-1730-2019714193026_5.wav	0	6.48
wav/iwslt2024_bho-hi-1730-2019714193026_6.wav	0	6.12
wav/iwslt2024_bho-hi-1730-2019714193026_7.wav	0	6.2
wav/iwslt2024_bho-hi-1730-2019714193026_8.wav	0	8.76
wav/iwslt2024_bho-hi-1730-2019714193026_9.wav	0	8.04
wav/iwslt2024_bho-hi-1730-2019714193026_10.wav	0	5.16
wav/iwslt2024_bho-hi-1730-2019714193026_11.wav	0	2.4
wav/iwslt2024_bho-hi-1730-2019714193026_12.wav	0	7.48
wav/iwslt2024_bho-hi-1730-2019714193026_13.wav	0	8.52
wav/iwslt2024_bho-hi-1730-2019714193026_15.wav	0	7.44
wav/iwslt2024_bho-hi-1730-2019714193026_17.wav	0	7.32
wav/iwslt2024_bho-hi-1730-2019714193026_18.wav	0	4.4
wav/iwslt2024_bho-hi-1730-2019714193026_20.wav	0	6.12
wav/iwslt2024_bho-hi-1730-2019714193026_21.wav	0	8.44
wav/iwslt2024_bho-hi-1730-2019714193026_22.wav	0	6.96
wav/iwslt2024_bho-hi-1730-2019714193026_23.wav	0	1.68
wav/iwslt2024_bho-hi-1730-2019714193026_24.wav	0	10.56
wav/iwslt2024_bho-hi-1730-2019714193026_25.wav	0	4.48
wav/iwslt2024_bho-hi-1730-2019714193026_26.wav	0	7.8
wav/iwslt2024_bho-hi-1730-2019714193026_27.wav	0	4.6
wav/iwslt2024_bho-hi-1730-2019714193026_28.wav	0	4.28
wav/iwslt2024_bho-hi-1730-2019714193026_29.wav	0	11.16
wav/iwslt2024_bho-hi-1730-2019714193026_30.wav	0	4.4
wav/iwslt2024_bho-hi-1730-2019714193026_31.wav	0	5.8
wav/iwslt2024_bho-hi-1730-2019714193026_32.wav	0	6.68
wav/iwslt2024_bho-hi-1730-2019714193026_33.wav	0	5.24
wav/iwslt2024_bho-hi-1730-2019714193026_34.wav	0	6.28
wav/iwslt2024_bho-hi-1730-2019714193026_35.wav	0	7.76
wav/iwslt2024_bho-hi-1730-2019714193026_36.wav	0	4.8
wav/iwslt2024_bho-hi-1730-2019714193026_37.wav	0	9.4
wav/iwslt2024_bho-hi-1730-2019714193026_38.wav	0	8.2
wav/iwslt2024_bho-hi-1730-2019714193026_39.wav	0	8.52
wav/iwslt2024_bho-hi-1730-20181113192826_1.wav	0	5.96
wav/iwslt2024_bho-hi-1730-20181113192826_2.wav	0	5.24
wav/iwslt2024_bho-hi-1730-20181113192826_3.wav	0	13.76
wav/iwslt2024_bho-hi-1730-20181113192826_4.wav	0	5.2
wav/iwslt2024_bho-hi-1730-20181113192826_5.wav	0	9.56
wav/iwslt2024_bho-hi-1730-20181113192826_6.wav	0	6.56
wav/iwslt2024_bho-hi-1730-20181113192826_8.wav	0	8.16
wav/iwslt2024_bho-hi-1730-20181113192826_9.wav	0	6.52
wav/iwslt2024_bho-hi-1730-20181113192826_10.wav	0	5.16
wav/iwslt2024_bho-hi-1730-20181113192826_11.wav	0	5.76
wav/iwslt2024_bho-hi-1730-20181113192826_12.wav	0	9.96
wav/iwslt2024_bho-hi-1730-20181113192826_13.wav	0	6.8
wav/iwslt2024_bho-hi-1730-20181113192826_14.wav	0	11.92
wav/iwslt2024_bho-hi-1730-20181113192826_15.wav	0	5.72
wav/iwslt2024_bho-hi-1730-20181113192826_16.wav	0	7.8
wav/iwslt2024_bho-hi-1730-20181113192826_17.wav	0	9.8
wav/iwslt2024_bho-hi-1730-20181113192826_18.wav	0	8
wav/iwslt2024_bho-hi-1730-20181113192826_19.wav	0	13.12
wav/iwslt2024_bho-hi-1730-20181113192826_20.wav	0	7.16
wav/iwslt2024_bho-hi-1730-20181113192826_21.wav	0	7.96
wav/iwslt2024_bho-hi-1730-20181113192826_22.wav	0	10.24
wav/iwslt2024_bho-hi-1730-20181113192826_23.wav	0	6.48
wav/iwslt2024_bho-hi-1730-20181113192826_24.wav	0	5.04
wav/iwslt2024_bho-hi-1730-20181113192826_25.wav	0	4.48
wav/iwslt2024_bho-hi-1730-20181113192826_27.wav	0	5.12
wav/iwslt2024_bho-hi-1730-20181113192826_29.wav	0	5.84
wav/iwslt2024_bho-hi-1730-20181113192826_30.wav	0	11.64
wav/iwslt2024_bho-hi-1730-20181113192826_31.wav	0	3.48
wav/iwslt2024_bho-hi-1730-20181113192826_32.wav	0	7.56
wav/iwslt2024_bho-hi-1730-20181113192826_33.wav	0	4.28
wav/iwslt2024_bho-hi-1730-20181113192826_34.wav	0	5
wav/iwslt2024_bho-hi-1730-20181113192826_35.wav	0	7.2
wav/iwslt2024_bho-hi-1730-20181113192826_36.wav	0	8.08
wav/iwslt2024_bho-hi-1730-20181113192826_37.wav	0	7.76
wav/iwslt2024_bho-hi-1730-20181114193932_1.wav	0	12.56
wav/iwslt2024_bho-hi-1730-20181114193932_2.wav	0	10.6
wav/iwslt2024_bho-hi-1730-20181114193932_3.wav	0	4.28
wav/iwslt2024_bho-hi-1730-20181114193932_5.wav	0	8.08
wav/iwslt2024_bho-hi-1730-20181114193932_6.wav	0	5.44
wav/iwslt2024_bho-hi-1730-20181114193932_7.wav	0	5.36
wav/iwslt2024_bho-hi-1730-20181114193932_8.wav	0	9.4
wav/iwslt2024_bho-hi-1730-20181114193932_9.wav	0	5.68
wav/iwslt2024_bho-hi-1730-20181114193932_10.wav	0	12.56
wav/iwslt2024_bho-hi-1730-20181114193932_11.wav	0	10.84
wav/iwslt2024_bho-hi-1730-20181114193932_12.wav	0	9.04
wav/iwslt2024_bho-hi-1730-20181114193932_13.wav	0	14.32
wav/iwslt2024_bho-hi-1730-20181114193932_14.wav	0	5.96
wav/iwslt2024_bho-hi-1730-20181114193932_15.wav	0	6
wav/iwslt2024_bho-hi-1730-20181114193932_16.wav	0	11.04
wav/iwslt2024_bho-hi-1730-20181114193932_17.wav	0	10.52
wav/iwslt2024_bho-hi-1730-20181114193932_18.wav	0	9.32
wav/iwslt2024_bho-hi-1730-20181114193932_19.wav	0	4.4
wav/iwslt2024_bho-hi-1730-20181114193932_20.wav	0	13.24
wav/iwslt2024_bho-hi-1730-20181114193932_21.wav	0	6.08
wav/iwslt2024_bho-hi-1730-20181114193932_22.wav	0	7.44
wav/iwslt2024_bho-hi-1730-20181114193932_23.wav	0	3.44
wav/iwslt2024_bho-hi-1730-20181114193932_24.wav	0	9.8
wav/iwslt2024_bho-hi-1730-20181114193932_25.wav	0	6.32
wav/iwslt2024_bho-hi-1730-20181114193932_26.wav	0	1.52
wav/iwslt2024_bho-hi-1730-20181114193932_27.wav	0	6.12
wav/iwslt2024_bho-hi-1730-20181114193932_28.wav	0	8.88
wav/iwslt2024_bho-hi-1730-20181114193932_29.wav	0	4.68
wav/iwslt2024_bho-hi-1730-20181114193932_30.wav	0	6.64
wav/iwslt2024_bho-hi-1730-20181114193932_31.wav	0	8.88
wav/iwslt2024_bho-hi-1730-20181114193932_32.wav	0	6.6
wav/iwslt2024_bho-hi-1730-20181114193932_33.wav	0	9.24
wav/iwslt2024_bho-hi-1730-20181114193932_34.wav	0	5.12
wav/iwslt2024_bho-hi-1730-20181114193932_35.wav	0	4.84
wav/iwslt2024_bho-hi-1730-20181115193255_1.wav	0	13.36
wav/iwslt2024_bho-hi-1730-20181115193255_2.wav	0	9.4
wav/iwslt2024_bho-hi-1730-20181115193255_3.wav	0	8.96
wav/iwslt2024_bho-hi-1730-20181115193255_4.wav	0	7.56
wav/iwslt2024_bho-hi-1730-20181115193255_5.wav	0	9.68
wav/iwslt2024_bho-hi-1730-20181115193255_7.wav	0	11.64
wav/iwslt2024_bho-hi-1730-20181115193255_8.wav	0	3.04
wav/iwslt2024_bho-hi-1730-20181115193255_9.wav	0	6.36
wav/iwslt2024_bho-hi-1730-20181115193255_10.wav	0	10.84
wav/iwslt2024_bho-hi-1730-20181115193255_11.wav	0	8.84
wav/iwslt2024_bho-hi-1730-20181115193255_12.wav	0	8.48
wav/iwslt2024_bho-hi-1730-20181115193255_14.wav	0	4.68
wav/iwslt2024_bho-hi-1730-20181115193255_15.wav	0	14.2
wav/iwslt2024_bho-hi-1730-20181115193255_16.wav	0	7.48
wav/iwslt2024_bho-hi-1730-20181115193255_17.wav	0	4.92
wav/iwslt2024_bho-hi-1730-20181115193255_18.wav	0	12.32
wav/iwslt2024_bho-hi-1730-20181115193255_21.wav	0	4.4
wav/iwslt2024_bho-hi-1730-20181115193255_22.wav	0	10.72
wav/iwslt2024_bho-hi-1730-20181115193255_24.wav	0	2.76
wav/iwslt2024_bho-hi-1730-20181115193255_25.wav	0	9.16
wav/iwslt2024_bho-hi-1730-20181115193255_26.wav	0	9.16
wav/iwslt2024_bho-hi-1730-20181115193255_27.wav	0	4.88
wav/iwslt2024_bho-hi-1730-20181115193255_28.wav	0	6.88
wav/iwslt2024_bho-hi-1730-20181115193255_29.wav	0	4.04
wav/iwslt2024_bho-hi-1730-20181115193255_30.wav	0	8.24
wav/iwslt2024_bho-hi-1730-20181115193255_31.wav	0	5.08
wav/iwslt2024_bho-hi-1730-20181115193255_32.wav	0	6.76
wav/iwslt2024_bho-hi-1730-20181115193255_33.wav	0	7.76
wav/iwslt2024_bho-hi-1730-20181115193255_34.wav	0	7.6
wav/iwslt2024_bho-hi-1730-20181116195349_1.wav	0	6.64
wav/iwslt2024_bho-hi-1730-20181116195349_2.wav	0	8.44
wav/iwslt2024_bho-hi-1730-20181116195349_3.wav	0	2.92
wav/iwslt2024_bho-hi-1730-20181116195349_4.wav	0	12.56
wav/iwslt2024_bho-hi-1730-20181116195349_5.wav	0	7.96
wav/iwslt2024_bho-hi-1730-20181116195349_6.wav	0	5.72
wav/iwslt2024_bho-hi-1730-20181116195349_7.wav	0	5.88
wav/iwslt2024_bho-hi-1730-20181116195349_8.wav	0	10.52
wav/iwslt2024_bho-hi-1730-20181116195349_9.wav	0	7.64
wav/iwslt2024_bho-hi-1730-20181116195349_10.wav	0	8.28
wav/iwslt2024_bho-hi-1730-20181116195349_11.wav	0	9.68
wav/iwslt2024_bho-hi-1730-20181116195349_12.wav	0	12.68
wav/iwslt2024_bho-hi-1730-20181116195349_14.wav	0	11.48
wav/iwslt2024_bho-hi-1730-20181116195349_16.wav	0	9.52
wav/iwslt2024_bho-hi-1730-20181116195349_17.wav	0	8.68
wav/iwslt2024_bho-hi-1730-20181116195349_18.wav	0	5.48
wav/iwslt2024_bho-hi-1730-20181116195349_19.wav	0	5.16
wav/iwslt2024_bho-hi-1730-20181116195349_20.wav	0	12.56
wav/iwslt2024_bho-hi-1730-20181116195349_21.wav	0	10.52
wav/iwslt2024_bho-hi-1730-20181116195349_22.wav	0	7.84
wav/iwslt2024_bho-hi-1730-20181116195349_23.wav	0	6.88
wav/iwslt2024_bho-hi-1730-20181116195349_24.wav	0	8.72
wav/iwslt2024_bho-hi-1730-20181116195349_25.wav	0	4.8
wav/iwslt2024_bho-hi-1730-20181116195349_26.wav	0	4.96
wav/iwslt2024_bho-hi-1730-20181116195349_28.wav	0	9.32
wav/iwslt2024_bho-hi-1730-20181116195349_29.wav	0	11.2
wav/iwslt2024_bho-hi-1730-20181116195349_30.wav	0	8.72
wav/iwslt2024_bho-hi-1730-20181116195349_31.wav	0	10.76
wav/iwslt2024_bho-hi-1730-20181116195349_32.wav	0	3.6
wav/iwslt2024_bho-hi-1730-20181116195349_33.wav	0	8.64
wav/iwslt2024_bho-hi-1730-20181116195349_34.wav	0	8.92
wav/iwslt2024_bho-hi-1730-20181117194619_1.wav	0	14.32
wav/iwslt2024_bho-hi-1730-20181117194619_2.wav	0	8.12
wav/iwslt2024_bho-hi-1730-20181117194619_3.wav	0	5.32
wav/iwslt2024_bho-hi-1730-20181117194619_4.wav	0	13.28
wav/iwslt2024_bho-hi-1730-20181117194619_5.wav	0	8.88
wav/iwslt2024_bho-hi-1730-20181117194619_6.wav	0	7.04
wav/iwslt2024_bho-hi-1730-20181117194619_7.wav	0	7.72
wav/iwslt2024_bho-hi-1730-20181117194619_8.wav	0	8.04
wav/iwslt2024_bho-hi-1730-20181117194619_9.wav	0	8.68
wav/iwslt2024_bho-hi-1730-20181117194619_10.wav	0	5.88
wav/iwslt2024_bho-hi-1730-20181117194619_11.wav	0	6.88
wav/iwslt2024_bho-hi-1730-20181117194619_14.wav	0	9.16
wav/iwslt2024_bho-hi-1730-20181117194619_15.wav	0	8
wav/iwslt2024_bho-hi-1730-20181117194619_16.wav	0	5.08
wav/iwslt2024_bho-hi-1730-20181117194619_18.wav	0	11.76
wav/iwslt2024_bho-hi-1730-20181117194619_19.wav	0	10.36
wav/iwslt2024_bho-hi-1730-20181117194619_20.wav	0	10
wav/iwslt2024_bho-hi-1730-20181117194619_21.wav	0	9.84
wav/iwslt2024_bho-hi-1730-20181117194619_23.wav	0	12
wav/iwslt2024_bho-hi-1730-20181117194619_24.wav	0	4.6
wav/iwslt2024_bho-hi-1730-20181117194619_25.wav	0	6.68
wav/iwslt2024_bho-hi-1730-20181117194619_26.wav	0	5.32
wav/iwslt2024_bho-hi-1730-20181117194619_27.wav	0	10.44
wav/iwslt2024_bho-hi-1730-20181117194619_28.wav	0	3.72
wav/iwslt2024_bho-hi-1730-20181117194619_29.wav	0	6.8
wav/iwslt2024_bho-hi-1730-20181117194619_30.wav	0	8.76
wav/iwslt2024_bho-hi-1730-20181119184143_1.wav	0	7.8
wav/iwslt2024_bho-hi-1730-20181119184143_2.wav	0	8.6
wav/iwslt2024_bho-hi-1730-20181119184143_3.wav	0	7.6
wav/iwslt2024_bho-hi-1730-20181119184143_4.wav	0	4.32
wav/iwslt2024_bho-hi-1730-20181119184143_5.wav	0	7.64
wav/iwslt2024_bho-hi-1730-20181119184143_6.wav	0	5.96
wav/iwslt2024_bho-hi-1730-20181119184143_7.wav	0	2.04
wav/iwslt2024_bho-hi-1730-20181119184143_8.wav	0	5.2
wav/iwslt2024_bho-hi-1730-20181119184143_10.wav	0	12.16
wav/iwslt2024_bho-hi-1730-20181119184143_11.wav	0	7.08
wav/iwslt2024_bho-hi-1730-20181119184143_12.wav	0	7.64
wav/iwslt2024_bho-hi-1730-20181119184143_13.wav	0	3.84
wav/iwslt2024_bho-hi-1730-20181119184143_14.wav	0	9.68
wav/iwslt2024_bho-hi-1730-20181119184143_15.wav	0	6.48
wav/iwslt2024_bho-hi-1730-20181119184143_16.wav	0	10.24
wav/iwslt2024_bho-hi-1730-20181119184143_17.wav	0	9.84
wav/iwslt2024_bho-hi-1730-20181119184143_18.wav	0	2.12
wav/iwslt2024_bho-hi-1730-20181119184143_23.wav	0	4.4
wav/iwslt2024_bho-hi-1730-20181119184143_24.wav	0	7.44
wav/iwslt2024_bho-hi-1730-20181119184143_25.wav	0	4.36
wav/iwslt2024_bho-hi-1730-20181119184143_26.wav	0	3.04
wav/iwslt2024_bho-hi-1730-20181119184143_27.wav	0	7.16
wav/iwslt2024_bho-hi-1730-20181119184143_28.wav	0	7.52
wav/iwslt2024_bho-hi-1730-20181119184143_29.wav	0	3.48
wav/iwslt2024_bho-hi-1730-20181119184143_30.wav	0	13.84
wav/iwslt2024_bho-hi-1730-20181119184143_31.wav	0	5.68
wav/iwslt2024_bho-hi-1730-20181119184143_32.wav	0	2.6
wav/iwslt2024_bho-hi-1730-20181119184143_33.wav	0	4.16
wav/iwslt2024_bho-hi-1730-20181119184143_34.wav	0	9.48
wav/iwslt2024_bho-hi-1730-20181119184143_35.wav	0	6.48
wav/iwslt2024_bho-hi-1730-20181119184143_36.wav	0	9.76
wav/iwslt2024_bho-hi-1730-20181119184143_37.wav	0	3.52
wav/iwslt2024_bho-hi-1730-20181119184143_38.wav	0	10.64
wav/iwslt2024_bho-hi-1730-20181119184143_39.wav	0	4.48
wav/iwslt2024_bho-hi-1730-20181120194452_1.wav	0	6.76
wav/iwslt2024_bho-hi-1730-20181120194452_2.wav	0	10.16
wav/iwslt2024_bho-hi-1730-20181120194452_3.wav	0	6.24
wav/iwslt2024_bho-hi-1730-20181120194452_4.wav	0	9.8
wav/iwslt2024_bho-hi-1730-20181120194452_5.wav	0	5.92
wav/iwslt2024_bho-hi-1730-20181120194452_6.wav	0	8.08
wav/iwslt2024_bho-hi-1730-20181120194452_7.wav	0	7.16
wav/iwslt2024_bho-hi-1730-20181120194452_8.wav	0	4.48
wav/iwslt2024_bho-hi-1730-20181120194452_10.wav	0	6
wav/iwslt2024_bho-hi-1730-20181120194452_11.wav	0	9.48
wav/iwslt2024_bho-hi-1730-20181120194452_12.wav	0	4.84
wav/iwslt2024_bho-hi-1730-20181120194452_13.wav	0	4.16
wav/iwslt2024_bho-hi-1730-20181120194452_14.wav	0	3.92
wav/iwslt2024_bho-hi-1730-20181120194452_15.wav	0	7.48
wav/iwslt2024_bho-hi-1730-20181120194452_16.wav	0	7.12
wav/iwslt2024_bho-hi-1730-20181120194452_17.wav	0	4.64
wav/iwslt2024_bho-hi-1730-20181120194452_18.wav	0	4.4
wav/iwslt2024_bho-hi-1730-20181120194452_19.wav	0	7.76
wav/iwslt2024_bho-hi-1730-20181120194452_20.wav	0	4.88
wav/iwslt2024_bho-hi-1730-20181120194452_21.wav	0	3.8
wav/iwslt2024_bho-hi-1730-20181120194452_22.wav	0	2.24
wav/iwslt2024_bho-hi-1730-20181120194452_23.wav	0	5.04
wav/iwslt2024_bho-hi-1730-20181120194452_24.wav	0	6.28
wav/iwslt2024_bho-hi-1730-20181120194452_27.wav	0	7.12
wav/iwslt2024_bho-hi-1730-20181120194452_31.wav	0	7.76
wav/iwslt2024_bho-hi-1730-20181120194452_32.wav	0	7.16
wav/iwslt2024_bho-hi-1730-20181120194452_33.wav	0	4.92
wav/iwslt2024_bho-hi-1730-20181120194452_34.wav	0	7.92
wav/iwslt2024_bho-hi-1730-20181120194452_35.wav	0	7.88
wav/iwslt2024_bho-hi-1730-20181120194452_36.wav	0	11.96
wav/iwslt2024_bho-hi-1730-20181120194452_37.wav	0	4.04
wav/iwslt2024_bho-hi-1730-20181122194420_2.wav	0	3.6
wav/iwslt2024_bho-hi-1730-20181122194420_3.wav	0	10.76
wav/iwslt2024_bho-hi-1730-20181122194420_4.wav	0	7.28
wav/iwslt2024_bho-hi-1730-20181122194420_5.wav	0	10.72
wav/iwslt2024_bho-hi-1730-20181122194420_6.wav	0	4.76
wav/iwslt2024_bho-hi-1730-20181122194420_7.wav	0	9.76
wav/iwslt2024_bho-hi-1730-20181122194420_8.wav	0	8.8
wav/iwslt2024_bho-hi-1730-20181122194420_9.wav	0	4.4
wav/iwslt2024_bho-hi-1730-20181122194420_10.wav	0	7.48
wav/iwslt2024_bho-hi-1730-20181122194420_11.wav	0	8
wav/iwslt2024_bho-hi-1730-20181122194420_12.wav	0	2.64
wav/iwslt2024_bho-hi-1730-20181122194420_13.wav	0	3.96
wav/iwslt2024_bho-hi-1730-20181122194420_14.wav	0	4.56
wav/iwslt2024_bho-hi-1730-20181122194420_15.wav	0	5.64
wav/iwslt2024_bho-hi-1730-20181122194420_16.wav	0	8.04
wav/iwslt2024_bho-hi-1730-20181122194420_17.wav	0	5.16
wav/iwslt2024_bho-hi-1730-20181122194420_18.wav	0	3.12
wav/iwslt2024_bho-hi-1730-20181122194420_19.wav	0	7.2
wav/iwslt2024_bho-hi-1730-20181122194420_20.wav	0	6.32
wav/iwslt2024_bho-hi-1730-20181122194420_21.wav	0	3.36
wav/iwslt2024_bho-hi-1730-20181122194420_22.wav	0	7.76
wav/iwslt2024_bho-hi-1730-20181122194420_23.wav	0	2.2
wav/iwslt2024_bho-hi-1730-20181122194420_29.wav	0	7.6
wav/iwslt2024_bho-hi-1730-20181122194420_30.wav	0	4.68
wav/iwslt2024_bho-hi-1730-20181122194420_31.wav	0	13.36
wav/iwslt2024_bho-hi-1730-20181122194420_32.wav	0	9.08
wav/iwslt2024_bho-hi-1730-20181122194420_33.wav	0	13.72
wav/iwslt2024_bho-hi-1730-20181122194420_35.wav	0	3.96
wav/iwslt2024_bho-hi-1730-20181122194420_36.wav	0	4.2
wav/iwslt2024_bho-hi-1730-20181124193922_1.wav	0	13.84
wav/iwslt2024_bho-hi-1730-20181124193922_2.wav	0	5
wav/iwslt2024_bho-hi-1730-20181124193922_3.wav	0	8.44
wav/iwslt2024_bho-hi-1730-20181124193922_4.wav	0	8.56
wav/iwslt2024_bho-hi-1730-20181124193922_5.wav	0	13.8
wav/iwslt2024_bho-hi-1730-20181124193922_6.wav	0	9.56
wav/iwslt2024_bho-hi-1730-20181124193922_8.wav	0	14.92
wav/iwslt2024_bho-hi-1730-20181124193922_9.wav	0	5.12
wav/iwslt2024_bho-hi-1730-20181124193922_10.wav	0	6.84
wav/iwslt2024_bho-hi-1730-20181124193922_11.wav	0	7.76
wav/iwslt2024_bho-hi-1730-20181124193922_12.wav	0	11.88
wav/iwslt2024_bho-hi-1730-20181124193922_13.wav	0	5.8
wav/iwslt2024_bho-hi-1730-20181124193922_14.wav	0	4.64
wav/iwslt2024_bho-hi-1730-20181124193922_15.wav	0	8.36
wav/iwslt2024_bho-hi-1730-20181124193922_16.wav	0	11.16
wav/iwslt2024_bho-hi-1730-20181124193922_17.wav	0	9.52
wav/iwslt2024_bho-hi-1730-20181124193922_18.wav	0	4.68
wav/iwslt2024_bho-hi-1730-20181124193922_19.wav	0	7.92
wav/iwslt2024_bho-hi-1730-20181124193922_20.wav	0	2.4
wav/iwslt2024_bho-hi-1730-20181124193922_21.wav	0	3.8
wav/iwslt2024_bho-hi-1730-20181124193922_23.wav	0	5.2
wav/iwslt2024_bho-hi-1730-20181124193922_24.wav	0	6.72
wav/iwslt2024_bho-hi-1730-20181124193922_25.wav	0	5
wav/iwslt2024_bho-hi-1730-20181124193922_26.wav	0	6.2
wav/iwslt2024_bho-hi-1730-20181124193922_27.wav	0	4
wav/iwslt2024_bho-hi-1730-20181124193922_29.wav	0	11.28
wav/iwslt2024_bho-hi-1730-20181127195559_2.wav	0	10.64
wav/iwslt2024_bho-hi-1730-20181127195559_3.wav	0	6
wav/iwslt2024_bho-hi-1730-20181127195559_4.wav	0	7.44
wav/iwslt2024_bho-hi-1730-20181127195559_5.wav	0	4.92
wav/iwslt2024_bho-hi-1730-20181127195559_6.wav	0	6.8
wav/iwslt2024_bho-hi-1730-20181127195559_7.wav	0	10.44
wav/iwslt2024_bho-hi-1730-20181127195559_8.wav	0	12.04
wav/iwslt2024_bho-hi-1730-20181127195559_9.wav	0	10.56
wav/iwslt2024_bho-hi-1730-20181127195559_10.wav	0	8.6
wav/iwslt2024_bho-hi-1730-20181127195559_11.wav	0	5.32
wav/iwslt2024_bho-hi-1730-20181127195559_12.wav	0	9.36
wav/iwslt2024_bho-hi-1730-20181127195559_13.wav	0	11
wav/iwslt2024_bho-hi-1730-20181127195559_14.wav	0	3.48
wav/iwslt2024_bho-hi-1730-20181127195559_15.wav	0	5.64
wav/iwslt2024_bho-hi-1730-20181127195559_16.wav	0	11.12
wav/iwslt2024_bho-hi-1730-20181127195559_17.wav	0	7.08
wav/iwslt2024_bho-hi-1730-20181127195559_18.wav	0	12.44
wav/iwslt2024_bho-hi-1730-20181127195559_19.wav	0	8.08
wav/iwslt2024_bho-hi-1730-20181127195559_20.wav	0	9.44
wav/iwslt2024_bho-hi-1730-20181127195559_21.wav	0	7.44
wav/iwslt2024_bho-hi-1730-20181127195559_22.wav	0	7.12
wav/iwslt2024_bho-hi-1730-20181127195559_23.wav	0	6.4
wav/iwslt2024_bho-hi-1730-20181127195559_24.wav	0	3.72
wav/iwslt2024_bho-hi-1730-20181127195559_25.wav	0	4.36
wav/iwslt2024_bho-hi-1730-20181127195559_26.wav	0	7.12
wav/iwslt2024_bho-hi-1730-20181127195559_27.wav	0	8
wav/iwslt2024_bho-hi-1730-20181127195559_28.wav	0	8.36
wav/iwslt2024_bho-hi-1730-20181127195559_29.wav	0	9.4
wav/iwslt2024_bho-hi-1730-20181127195559_30.wav	0	7.88
wav/iwslt2024_bho-hi-1730-20181127195559_31.wav	0	2.88
wav/iwslt2024_bho-hi-1730-20181127195559_33.wav	0	2.76
wav/iwslt2024_bho-hi-1730-20181128184412_1.wav	0	6.96
wav/iwslt2024_bho-hi-1730-20181128184412_2.wav	0	4.28
wav/iwslt2024_bho-hi-1730-20181128184412_5.wav	0	7.12
wav/iwslt2024_bho-hi-1730-20181128184412_6.wav	0	10.76
wav/iwslt2024_bho-hi-1730-20181128184412_7.wav	0	8.6
wav/iwslt2024_bho-hi-1730-20181128184412_8.wav	0	4.92
wav/iwslt2024_bho-hi-1730-20181128184412_11.wav	0	6.56
wav/iwslt2024_bho-hi-1730-20181128184412_12.wav	0	3.96
wav/iwslt2024_bho-hi-1730-20181128184412_13.wav	0	4.48
wav/iwslt2024_bho-hi-1730-20181128184412_14.wav	0	6.6
wav/iwslt2024_bho-hi-1730-20181128184412_15.wav	0	9.2
wav/iwslt2024_bho-hi-1730-20181128184412_16.wav	0	1.56
wav/iwslt2024_bho-hi-1730-20181128184412_17.wav	0	3.6
wav/iwslt2024_bho-hi-1730-20181128184412_19.wav	0	2.08
wav/iwslt2024_bho-hi-1730-20181128184412_20.wav	0	14.84
wav/iwslt2024_bho-hi-1730-20181128184412_21.wav	0	6.04
wav/iwslt2024_bho-hi-1730-20181128184412_22.wav	0	9.68
wav/iwslt2024_bho-hi-1730-20181128184412_23.wav	0	8.52
wav/iwslt2024_bho-hi-1730-20181128184412_24.wav	0	7.52
wav/iwslt2024_bho-hi-1730-20181128184412_26.wav	0	6.32
wav/iwslt2024_bho-hi-1730-20181128184412_27.wav	0	9.08
wav/iwslt2024_bho-hi-1730-20181128184412_28.wav	0	2.4
wav/iwslt2024_bho-hi-1730-20181128184412_31.wav	0	6.48
wav/iwslt2024_bho-hi-1730-20181128184412_32.wav	0	4.68
wav/iwslt2024_bho-hi-1730-20181128184412_33.wav	0	8.84
wav/iwslt2024_bho-hi-1730-20181128184412_34.wav	0	4.12
wav/iwslt2024_bho-hi-1730-20181128184412_35.wav	0	13.04
wav/iwslt2024_bho-hi-1730-20181211185049_1.wav	0	8.88
wav/iwslt2024_bho-hi-1730-20181211185049_2.wav	0	9.8
wav/iwslt2024_bho-hi-1730-20181211185049_3.wav	0	10.32
wav/iwslt2024_bho-hi-1730-20181211185049_5.wav	0	5.64
wav/iwslt2024_bho-hi-1730-20181211185049_6.wav	0	6.52
wav/iwslt2024_bho-hi-1730-20181211185049_7.wav	0	12.24
wav/iwslt2024_bho-hi-1730-20181211185049_8.wav	0	9.12
wav/iwslt2024_bho-hi-1730-20181211185049_9.wav	0	5.32
wav/iwslt2024_bho-hi-1730-20181211185049_10.wav	0	8.84
wav/iwslt2024_bho-hi-1730-20181211185049_11.wav	0	7.6
wav/iwslt2024_bho-hi-1730-20181211185049_12.wav	0	10.2
wav/iwslt2024_bho-hi-1730-20181211185049_13.wav	0	9.04
wav/iwslt2024_bho-hi-1730-20181211185049_14.wav	0	4.56
wav/iwslt2024_bho-hi-1730-20181211185049_15.wav	0	8.88
wav/iwslt2024_bho-hi-1730-20181211185049_16.wav	0	9.64
wav/iwslt2024_bho-hi-1730-20181211185049_17.wav	0	10.2
wav/iwslt2024_bho-hi-1730-20181211185049_18.wav	0	4.72
wav/iwslt2024_bho-hi-1730-20181211185049_19.wav	0	4.24
wav/iwslt2024_bho-hi-1730-20181211185049_20.wav	0	5.48
wav/iwslt2024_bho-hi-1730-20181211185049_21.wav	0	11.68
wav/iwslt2024_bho-hi-1730-20181211185049_22.wav	0	5.76
wav/iwslt2024_bho-hi-1730-20181211185049_23.wav	0	9.44
wav/iwslt2024_bho-hi-1730-20181211185049_24.wav	0	2.48
wav/iwslt2024_bho-hi-1730-20181211185049_25.wav	0	12.52
wav/iwslt2024_bho-hi-1730-20181211185049_26.wav	0	5.84
wav/iwslt2024_bho-hi-1730-20181211185049_27.wav	0	11.04
wav/iwslt2024_bho-hi-1730-20181211185049_28.wav	0	13.28
wav/iwslt2024_bho-hi-1730-20181211185049_29.wav	0	5.84
wav/iwslt2024_bho-hi-1730-20181211185049_30.wav	0	13.64
wav/iwslt2024_bho-hi-1730-20181211185049_31.wav	0	4.52
wav/iwslt2024_bho-hi-1730-20181212185314_1.wav	0	10.64
wav/iwslt2024_bho-hi-1730-20181212185314_2.wav	0	12.24
wav/iwslt2024_bho-hi-1730-20181212185314_3.wav	0	6.92
wav/iwslt2024_bho-hi-1730-20181212185314_4.wav	0	6.96
wav/iwslt2024_bho-hi-1730-20181212185314_5.wav	0	10.32
wav/iwslt2024_bho-hi-1730-20181212185314_6.wav	0	7.24
wav/iwslt2024_bho-hi-1730-20181212185314_7.wav	0	8.68
wav/iwslt2024_bho-hi-1730-20181212185314_8.wav	0	5.6
wav/iwslt2024_bho-hi-1730-20181212185314_9.wav	0	10.2
wav/iwslt2024_bho-hi-1730-20181212185314_10.wav	0	8.2
wav/iwslt2024_bho-hi-1730-20181212185314_11.wav	0	3.68
wav/iwslt2024_bho-hi-1730-20181212185314_12.wav	0	6.64
wav/iwslt2024_bho-hi-1730-20181212185314_13.wav	0	14.96
wav/iwslt2024_bho-hi-1730-20181212185314_14.wav	0	9.76
wav/iwslt2024_bho-hi-1730-20181212185314_15.wav	0	2.96
wav/iwslt2024_bho-hi-1730-20181212185314_16.wav	0	6.56
wav/iwslt2024_bho-hi-1730-20181212185314_17.wav	0	2.08
wav/iwslt2024_bho-hi-1730-20181212185314_18.wav	0	7.76
wav/iwslt2024_bho-hi-1730-20181212185314_19.wav	0	7.48
wav/iwslt2024_bho-hi-1730-20181212185314_20.wav	0	2.8
wav/iwslt2024_bho-hi-1730-20181212185314_21.wav	0	2.48
wav/iwslt2024_bho-hi-1730-20181212185314_22.wav	0	2.16
wav/iwslt2024_bho-hi-1730-20181212185314_23.wav	0	3.72
wav/iwslt2024_bho-hi-1730-20181212185314_24.wav	0	7.28
wav/iwslt2024_bho-hi-1730-20181212185314_25.wav	0	13.72
wav/iwslt2024_bho-hi-1730-20181212185314_26.wav	0	6.64
wav/iwslt2024_bho-hi-1730-20181212185314_27.wav	0	11.04
wav/iwslt2024_bho-hi-1730-20181212185314_28.wav	0	5.84
wav/iwslt2024_bho-hi-1730-20181212185314_29.wav	0	4.48
wav/iwslt2024_bho-hi-1730-20181212185314_30.wav	0	6.76
wav/iwslt2024_bho-hi-1730-20181212185314_31.wav	0	9.92
wav/iwslt2024_bho-hi-1730-20181212185314_32.wav	0	9.44
wav/iwslt2024_bho-hi-1730-20181212185314_33.wav	0	9
wav/iwslt2024_bho-hi-1730-20181212185314_34.wav	0	13.24
wav/iwslt2024_bho-hi-1730-20181212185314_35.wav	0	4.08
wav/iwslt2024_bho-hi-1730-20181214195314_1.wav	0	9.08
wav/iwslt2024_bho-hi-1730-20181214195314_2.wav	0	6.28
wav/iwslt2024_bho-hi-1730-20181214195314_3.wav	0	6.48
wav/iwslt2024_bho-hi-1730-20181214195314_4.wav	0	7.84
wav/iwslt2024_bho-hi-1730-20181214195314_5.wav	0	6.56
wav/iwslt2024_bho-hi-1730-20181214195314_6.wav	0	5.8
wav/iwslt2024_bho-hi-1730-20181214195314_7.wav	0	7.12
wav/iwslt2024_bho-hi-1730-20181214195314_8.wav	0	6.84
wav/iwslt2024_bho-hi-1730-20181214195314_9.wav	0	7.2
wav/iwslt2024_bho-hi-1730-20181214195314_10.wav	0	7.24
wav/iwslt2024_bho-hi-1730-20181214195314_11.wav	0	9.6
wav/iwslt2024_bho-hi-1730-20181214195314_12.wav	0	9.96
wav/iwslt2024_bho-hi-1730-20181214195314_13.wav	0	4.32
wav/iwslt2024_bho-hi-1730-20181214195314_14.wav	0	7.52
wav/iwslt2024_bho-hi-1730-20181214195314_15.wav	0	6
wav/iwslt2024_bho-hi-1730-20181214195314_16.wav	0	13.32
wav/iwslt2024_bho-hi-1730-20181214195314_17.wav	0	6.6
wav/iwslt2024_bho-hi-1730-20181214195314_18.wav	0	7.64
wav/iwslt2024_bho-hi-1730-20181214195314_19.wav	0	9.96
wav/iwslt2024_bho-hi-1730-20181214195314_20.wav	0	7.44
wav/iwslt2024_bho-hi-1730-20181214195314_21.wav	0	7.6
wav/iwslt2024_bho-hi-1730-20181214195314_22.wav	0	9.52
wav/iwslt2024_bho-hi-1730-20181214195314_23.wav	0	5.72
wav/iwslt2024_bho-hi-1730-20181214195314_24.wav	0	9.16
wav/iwslt2024_bho-hi-1730-20181214195314_25.wav	0	7.68
wav/iwslt2024_bho-hi-1730-20181214195314_26.wav	0	9.92
wav/iwslt2024_bho-hi-1730-20181214195314_27.wav	0	8.68
wav/iwslt2024_bho-hi-1730-20181214195314_28.wav	0	6
wav/iwslt2024_bho-hi-1730-20181214195314_29.wav	0	4.48
wav/iwslt2024_bho-hi-1730-20181214195314_30.wav	0	8.32
wav/iwslt2024_bho-hi-1730-20181214195314_31.wav	0	3.68
wav/iwslt2024_bho-hi-1730-20181214195314_32.wav	0	2.72
wav/iwslt2024_bho-hi-1730-20181214195314_33.wav	0	9.4
wav/iwslt2024_bho-hi-1730-20181214195314_34.wav	0	8.44
wav/iwslt2024_bho-hi-1730-20181216195936_1.wav	0	2.32
wav/iwslt2024_bho-hi-1730-20181216195936_2.wav	0	8.32
wav/iwslt2024_bho-hi-1730-20181216195936_3.wav	0	12.68
wav/iwslt2024_bho-hi-1730-20181216195936_4.wav	0	4.32
wav/iwslt2024_bho-hi-1730-20181216195936_5.wav	0	7.48
wav/iwslt2024_bho-hi-1730-20181216195936_6.wav	0	10.72
wav/iwslt2024_bho-hi-1730-20181216195936_8.wav	0	6.52
wav/iwslt2024_bho-hi-1730-20181216195936_9.wav	0	3.4
wav/iwslt2024_bho-hi-1730-20181216195936_10.wav	0	10.16
wav/iwslt2024_bho-hi-1730-20181216195936_11.wav	0	7.52
wav/iwslt2024_bho-hi-1730-20181216195936_12.wav	0	4.32
wav/iwslt2024_bho-hi-1730-20181216195936_13.wav	0	9.56
wav/iwslt2024_bho-hi-1730-20181216195936_14.wav	0	6.92
wav/iwslt2024_bho-hi-1730-20181216195936_15.wav	0	6.32
wav/iwslt2024_bho-hi-1730-20181216195936_16.wav	0	6.72
wav/iwslt2024_bho-hi-1730-20181216195936_17.wav	0	4.52
wav/iwslt2024_bho-hi-1730-20181216195936_18.wav	0	5.28
wav/iwslt2024_bho-hi-1730-20181216195936_19.wav	0	4.36
wav/iwslt2024_bho-hi-1730-20181216195936_20.wav	0	4.2
wav/iwslt2024_bho-hi-1730-20181216195936_21.wav	0	4.56
wav/iwslt2024_bho-hi-1730-20181216195936_22.wav	0	4.32
wav/iwslt2024_bho-hi-1730-20181216195936_23.wav	0	7.16
wav/iwslt2024_bho-hi-1730-20181216195936_24.wav	0	3.8
wav/iwslt2024_bho-hi-1730-20181216195936_25.wav	0	5.32
wav/iwslt2024_bho-hi-1730-20181216195936_26.wav	0	4.76
wav/iwslt2024_bho-hi-1730-20181216195936_27.wav	0	11.16
wav/iwslt2024_bho-hi-1730-20181216195936_28.wav	0	10.04
wav/iwslt2024_bho-hi-1730-20181216195936_29.wav	0	8.16
wav/iwslt2024_bho-hi-1730-20181216195936_30.wav	0	7.88
wav/iwslt2024_bho-hi-1730-20181216195936_31.wav	0	5.04
wav/iwslt2024_bho-hi-1730-20181216195936_32.wav	0	4.16
wav/iwslt2024_bho-hi-1730-20181216195936_33.wav	0	7.84
wav/iwslt2024_bho-hi-1730-20181216195936_34.wav	0	7.84
wav/iwslt2024_bho-hi-1730-20181216195936_35.wav	0	4.32
wav/iwslt2024_bho-hi-1730-20181216195936_36.wav	0	3
wav/iwslt2024_bho-hi-1730-20181216195936_37.wav	0	5.84
wav/iwslt2024_bho-hi-1730-20181216195936_38.wav	0	5.52
wav/iwslt2024_bho-hi-1730-20181216195936_39.wav	0	8.68
wav/iwslt2024_bho-hi-1730-20181216195936_40.wav	0	6.88
wav/iwslt2024_bho-hi-1730-20181216195936_41.wav	0	7.04
wav/iwslt2024_bho-hi-1730-20181217184534_1.wav	0	1.6
wav/iwslt2024_bho-hi-1730-20181217184534_2.wav	0	5.56
wav/iwslt2024_bho-hi-1730-20181217184534_3.wav	0	9.6
wav/iwslt2024_bho-hi-1730-20181217184534_4.wav	0	3.44
wav/iwslt2024_bho-hi-1730-20181217184534_6.wav	0	5.56
wav/iwslt2024_bho-hi-1730-20181217184534_7.wav	0	8.48
wav/iwslt2024_bho-hi-1730-20181217184534_9.wav	0	6.92
wav/iwslt2024_bho-hi-1730-20181217184534_10.wav	0	6
wav/iwslt2024_bho-hi-1730-20181217184534_11.wav	0	14.08
wav/iwslt2024_bho-hi-1730-20181217184534_12.wav	0	3.68
wav/iwslt2024_bho-hi-1730-20181217184534_13.wav	0	11.2
wav/iwslt2024_bho-hi-1730-20181217184534_14.wav	0	4.8
wav/iwslt2024_bho-hi-1730-20181217184534_15.wav	0	12.68
wav/iwslt2024_bho-hi-1730-20181217184534_16.wav	0	4.56
wav/iwslt2024_bho-hi-1730-20181217184534_17.wav	0	9.24
wav/iwslt2024_bho-hi-1730-20181217184534_18.wav	0	9.16
wav/iwslt2024_bho-hi-1730-20181217184534_19.wav	0	3.92
wav/iwslt2024_bho-hi-1730-20181217184534_20.wav	0	2.68
wav/iwslt2024_bho-hi-1730-20181217184534_21.wav	0	6.48
wav/iwslt2024_bho-hi-1730-20181217184534_22.wav	0	8
wav/iwslt2024_bho-hi-1730-20181217184534_23.wav	0	12.72
wav/iwslt2024_bho-hi-1730-20181217184534_24.wav	0	9.92
wav/iwslt2024_bho-hi-1730-20181217184534_25.wav	0	5.48
wav/iwslt2024_bho-hi-1730-20181217184534_26.wav	0	8.32
wav/iwslt2024_bho-hi-1730-20181217184534_27.wav	0	2.8
wav/iwslt2024_bho-hi-1730-20181217184534_28.wav	0	6.48
wav/iwslt2024_bho-hi-1730-20181217184534_29.wav	0	12.32
wav/iwslt2024_bho-hi-1730-20181217184534_30.wav	0	4.68
wav/iwslt2024_bho-hi-1730-20181217184534_31.wav	0	3.28
wav/iwslt2024_bho-hi-1730-20181217184534_32.wav	0	4.64
wav/iwslt2024_bho-hi-1730-20181217184534_33.wav	0	8.08
wav/iwslt2024_bho-hi-1730-20181217184534_34.wav	0	7.2
wav/iwslt2024_bho-hi-1730-20181218193044_1.wav	0	3.92
wav/iwslt2024_bho-hi-1730-20181218193044_2.wav	0	5.92
wav/iwslt2024_bho-hi-1730-20181218193044_3.wav	0	5.2
wav/iwslt2024_bho-hi-1730-20181218193044_4.wav	0	4.8
wav/iwslt2024_bho-hi-1730-20181218193044_5.wav	0	6.6
wav/iwslt2024_bho-hi-1730-20181218193044_6.wav	0	4.76
wav/iwslt2024_bho-hi-1730-20181218193044_7.wav	0	14.8
wav/iwslt2024_bho-hi-1730-20181218193044_8.wav	0	6.96
wav/iwslt2024_bho-hi-1730-20181218193044_10.wav	0	6.8
wav/iwslt2024_bho-hi-1730-20181218193044_11.wav	0	3.04
wav/iwslt2024_bho-hi-1730-20181218193044_12.wav	0	8.08
wav/iwslt2024_bho-hi-1730-20181218193044_13.wav	0	13.68
wav/iwslt2024_bho-hi-1730-20181218193044_14.wav	0	11
wav/iwslt2024_bho-hi-1730-20181218193044_15.wav	0	6.48
wav/iwslt2024_bho-hi-1730-20181218193044_16.wav	0	10.52
wav/iwslt2024_bho-hi-1730-20181218193044_17.wav	0	6.04
wav/iwslt2024_bho-hi-1730-20181218193044_18.wav	0	9.36
wav/iwslt2024_bho-hi-1730-20181218193044_19.wav	0	12.16
wav/iwslt2024_bho-hi-1730-20181218193044_20.wav	0	6.76
wav/iwslt2024_bho-hi-1730-20181218193044_21.wav	0	5.04
wav/iwslt2024_bho-hi-1730-20181218193044_22.wav	0	8.56
wav/iwslt2024_bho-hi-1730-20181218193044_23.wav	0	12.84
wav/iwslt2024_bho-hi-1730-20181218193044_25.wav	0	8.32
wav/iwslt2024_bho-hi-1730-20181218193044_26.wav	0	7.16
wav/iwslt2024_bho-hi-1730-20181218193044_27.wav	0	6.28
wav/iwslt2024_bho-hi-1730-20181218193044_28.wav	0	6.44
wav/iwslt2024_bho-hi-1730-20181218193044_31.wav	0	4.6
wav/iwslt2024_bho-hi-1730-20181218193044_32.wav	0	7.28
wav/iwslt2024_bho-hi-1730-20181218193044_33.wav	0	7.8
wav/iwslt2024_bho-hi-1730-20181218193044_34.wav	0	8.56
wav/iwslt2024_bho-hi-1730-20181218193044_35.wav	0	8.04
wav/iwslt2024_bho-hi-1730-20181218193044_36.wav	0	4.76
wav/iwslt2024_bho-hi-1730-20181218193044_37.wav	0	6.92
wav/iwslt2024_bho-hi-1730-20181218193044_38.wav	0	11.68
wav/iwslt2024_bho-hi-1730-20181219193825_1.wav	0	4.92
wav/iwslt2024_bho-hi-1730-20181219193825_2.wav	0	8.68
wav/iwslt2024_bho-hi-1730-20181219193825_3.wav	0	5.8
wav/iwslt2024_bho-hi-1730-20181219193825_4.wav	0	11.28
wav/iwslt2024_bho-hi-1730-20181219193825_5.wav	0	4.76
wav/iwslt2024_bho-hi-1730-20181219193825_6.wav	0	9.8
wav/iwslt2024_bho-hi-1730-20181219193825_7.wav	0	7.28
wav/iwslt2024_bho-hi-1730-20181219193825_8.wav	0	4.84
wav/iwslt2024_bho-hi-1730-20181219193825_9.wav	0	4.68
wav/iwslt2024_bho-hi-1730-20181219193825_10.wav	0	11.12
wav/iwslt2024_bho-hi-1730-20181219193825_11.wav	0	4.96
wav/iwslt2024_bho-hi-1730-20181219193825_12.wav	0	11.32
wav/iwslt2024_bho-hi-1730-20181219193825_13.wav	0	5.92
wav/iwslt2024_bho-hi-1730-20181219193825_14.wav	0	8.6
wav/iwslt2024_bho-hi-1730-20181219193825_17.wav	0	6.12
wav/iwslt2024_bho-hi-1730-20181219193825_18.wav	0	5.36
wav/iwslt2024_bho-hi-1730-20181219193825_19.wav	0	14.68
wav/iwslt2024_bho-hi-1730-20181219193825_20.wav	0	5.4
wav/iwslt2024_bho-hi-1730-20181219193825_21.wav	0	5.96
wav/iwslt2024_bho-hi-1730-20181219193825_22.wav	0	6.4
wav/iwslt2024_bho-hi-1730-20181219193825_23.wav	0	7.72
wav/iwslt2024_bho-hi-1730-20181219193825_24.wav	0	4.4
wav/iwslt2024_bho-hi-1730-20181219193825_25.wav	0	3.64
wav/iwslt2024_bho-hi-1730-20181219193825_26.wav	0	7.92
wav/iwslt2024_bho-hi-1730-20181219193825_27.wav	0	6.24
wav/iwslt2024_bho-hi-1730-20181219193825_28.wav	0	8.6
wav/iwslt2024_bho-hi-1730-20181219193825_29.wav	0	5
wav/iwslt2024_bho-hi-1730-20181219193825_30.wav	0	8.4
wav/iwslt2024_bho-hi-1730-20181219193825_31.wav	0	7.92
wav/iwslt2024_bho-hi-1730-20181219193825_32.wav	0	7.28
wav/iwslt2024_bho-hi-1730-20181219193825_33.wav	0	10.8
wav/iwslt2024_bho-hi-1730-20181219193825_34.wav	0	2.64
wav/iwslt2024_bho-hi-1730-20181219193825_35.wav	0	9.8
wav/iwslt2024_bho-hi-1730-20181220185322_1.wav	0	12.84
wav/iwslt2024_bho-hi-1730-20181220185322_2.wav	0	10.36
wav/iwslt2024_bho-hi-1730-20181220185322_3.wav	0	7.72
wav/iwslt2024_bho-hi-1730-20181220185322_4.wav	0	7.48
wav/iwslt2024_bho-hi-1730-20181220185322_5.wav	0	9.72
wav/iwslt2024_bho-hi-1730-20181220185322_6.wav	0	7.8
wav/iwslt2024_bho-hi-1730-20181220185322_7.wav	0	11.36
wav/iwslt2024_bho-hi-1730-20181220185322_8.wav	0	9.96
wav/iwslt2024_bho-hi-1730-20181220185322_9.wav	0	7.32
wav/iwslt2024_bho-hi-1730-20181220185322_10.wav	0	3.6
wav/iwslt2024_bho-hi-1730-20181220185322_11.wav	0	5.24
wav/iwslt2024_bho-hi-1730-20181220185322_12.wav	0	8.2
wav/iwslt2024_bho-hi-1730-20181220185322_13.wav	0	10.08
wav/iwslt2024_bho-hi-1730-20181220185322_15.wav	0	6.68
wav/iwslt2024_bho-hi-1730-20181220185322_16.wav	0	14.16
wav/iwslt2024_bho-hi-1730-20181220185322_17.wav	0	5.2
wav/iwslt2024_bho-hi-1730-20181220185322_18.wav	0	7.08
wav/iwslt2024_bho-hi-1730-20181220185322_19.wav	0	7.28
wav/iwslt2024_bho-hi-1730-20181220185322_20.wav	0	6.28
wav/iwslt2024_bho-hi-1730-20181220185322_21.wav	0	7.6
wav/iwslt2024_bho-hi-1730-20181220185322_22.wav	0	8.04
wav/iwslt2024_bho-hi-1730-20181220185322_23.wav	0	11.36
wav/iwslt2024_bho-hi-1730-20181220185322_24.wav	0	11.24
wav/iwslt2024_bho-hi-1730-20181220185322_25.wav	0	9.6
wav/iwslt2024_bho-hi-1730-20181220185322_26.wav	0	11.16
wav/iwslt2024_bho-hi-1730-20181222182612_2.wav	0	10.04
wav/iwslt2024_bho-hi-1730-20181222182612_4.wav	0	9.4
wav/iwslt2024_bho-hi-1730-20181222182612_5.wav	0	12.68
wav/iwslt2024_bho-hi-1730-20181222182612_6.wav	0	7.44
wav/iwslt2024_bho-hi-1730-20181222182612_7.wav	0	5.68
wav/iwslt2024_bho-hi-1730-20181222182612_8.wav	0	5.88
wav/iwslt2024_bho-hi-1730-20181222182612_9.wav	0	6.44
wav/iwslt2024_bho-hi-1730-20181222182612_10.wav	0	11.88
wav/iwslt2024_bho-hi-1730-20181222182612_11.wav	0	9.28
wav/iwslt2024_bho-hi-1730-20181222182612_12.wav	0	8.08
wav/iwslt2024_bho-hi-1730-20181222182612_13.wav	0	2.76
wav/iwslt2024_bho-hi-1730-20181222182612_14.wav	0	5.64
wav/iwslt2024_bho-hi-1730-20181222182612_15.wav	0	3.08
wav/iwslt2024_bho-hi-1730-20181222182612_16.wav	0	5.36
wav/iwslt2024_bho-hi-1730-20181222182612_17.wav	0	4
wav/iwslt2024_bho-hi-1730-20181222182612_18.wav	0	6.08
wav/iwslt2024_bho-hi-1730-20181222182612_19.wav	0	5.08
wav/iwslt2024_bho-hi-1730-20181222182612_20.wav	0	14.76
wav/iwslt2024_bho-hi-1730-20181222182612_21.wav	0	10.56
wav/iwslt2024_bho-hi-1730-20181222182612_22.wav	0	9.08
wav/iwslt2024_bho-hi-1730-20181222182612_23.wav	0	9
wav/iwslt2024_bho-hi-1730-20181222182612_24.wav	0	12.36
wav/iwslt2024_bho-hi-1730-20181222182612_25.wav	0	9.56
wav/iwslt2024_bho-hi-1730-20181222182612_27.wav	0	7.8
wav/iwslt2024_bho-hi-1730-20181222182612_28.wav	0	9.6
wav/iwslt2024_bho-hi-1730-20181222182612_29.wav	0	10.16
wav/iwslt2024_bho-hi-1730-20181222182612_31.wav	0	2.36
wav/iwslt2024_bho-hi-1730-20181222182612_32.wav	0	9.28
wav/iwslt2024_bho-hi-1730-20181222182612_33.wav	0	6.64
wav/iwslt2024_bho-hi-1730-20181223195023_1.wav	0	6.04
wav/iwslt2024_bho-hi-1730-20181223195023_2.wav	0	2.68
wav/iwslt2024_bho-hi-1730-20181223195023_3.wav	0	7.64
wav/iwslt2024_bho-hi-1730-20181223195023_4.wav	0	8.2
wav/iwslt2024_bho-hi-1730-20181223195023_5.wav	0	5.04
wav/iwslt2024_bho-hi-1730-20181223195023_6.wav	0	5.36
wav/iwslt2024_bho-hi-1730-20181223195023_7.wav	0	6.88
wav/iwslt2024_bho-hi-1730-20181223195023_8.wav	0	4.88
wav/iwslt2024_bho-hi-1730-20181223195023_10.wav	0	12.12
wav/iwslt2024_bho-hi-1730-20181223195023_11.wav	0	7.48
wav/iwslt2024_bho-hi-1730-20181223195023_12.wav	0	12
wav/iwslt2024_bho-hi-1730-20181223195023_13.wav	0	8.04
wav/iwslt2024_bho-hi-1730-20181223195023_14.wav	0	4.4
wav/iwslt2024_bho-hi-1730-20181223195023_15.wav	0	3.92
wav/iwslt2024_bho-hi-1730-20181223195023_16.wav	0	6.36
wav/iwslt2024_bho-hi-1730-20181223195023_17.wav	0	6.36
wav/iwslt2024_bho-hi-1730-20181223195023_18.wav	0	3.68
wav/iwslt2024_bho-hi-1730-20181223195023_19.wav	0	4.64
wav/iwslt2024_bho-hi-1730-20181223195023_20.wav	0	6.08
wav/iwslt2024_bho-hi-1730-20181223195023_21.wav	0	13.24
wav/iwslt2024_bho-hi-1730-20181223195023_22.wav	0	14.4
wav/iwslt2024_bho-hi-1730-20181223195023_23.wav	0	13.6
wav/iwslt2024_bho-hi-1730-20181223195023_24.wav	0	9.52
wav/iwslt2024_bho-hi-1730-20181223195023_25.wav	0	9.04
wav/iwslt2024_bho-hi-1730-20181223195023_26.wav	0	8.68
wav/iwslt2024_bho-hi-1730-20181223195023_27.wav	0	7.24
wav/iwslt2024_bho-hi-1730-20181223195023_28.wav	0	10.88
wav/iwslt2024_bho-hi-1730-20181223195023_29.wav	0	7.08
wav/iwslt2024_bho-hi-1730-20181223195023_30.wav	0	8.48
wav/iwslt2024_bho-hi-1730-20181223195023_31.wav	0	9.24
wav/iwslt2024_bho-hi-1730-20181223195023_32.wav	0	8.56
wav/iwslt2024_bho-hi-1730-20181223195023_33.wav	0	8.84
wav/iwslt2024_bho-hi-1730-20181227191552_1.wav	0	7.72
wav/iwslt2024_bho-hi-1730-20181227191552_2.wav	0	4.84
wav/iwslt2024_bho-hi-1730-20181227191552_3.wav	0	4.6
wav/iwslt2024_bho-hi-1730-20181227191552_4.wav	0	7.48
wav/iwslt2024_bho-hi-1730-20181227191552_5.wav	0	8.76
wav/iwslt2024_bho-hi-1730-20181227191552_6.wav	0	9.24
wav/iwslt2024_bho-hi-1730-20181227191552_7.wav	0	6.6
wav/iwslt2024_bho-hi-1730-20181227191552_8.wav	0	4.68
wav/iwslt2024_bho-hi-1730-20181227191552_9.wav	0	5.24
wav/iwslt2024_bho-hi-1730-20181227191552_10.wav	0	11.4
wav/iwslt2024_bho-hi-1730-20181227191552_11.wav	0	10.84
wav/iwslt2024_bho-hi-1730-20181227191552_12.wav	0	6.64
wav/iwslt2024_bho-hi-1730-20181227191552_13.wav	0	6.36
wav/iwslt2024_bho-hi-1730-20181227191552_14.wav	0	4.72
wav/iwslt2024_bho-hi-1730-20181227191552_15.wav	0	7.72
wav/iwslt2024_bho-hi-1730-20181227191552_16.wav	0	5.04
wav/iwslt2024_bho-hi-1730-20181227191552_17.wav	0	9.96
wav/iwslt2024_bho-hi-1730-20181227191552_18.wav	0	11.4
wav/iwslt2024_bho-hi-1730-20181227191552_19.wav	0	7.4
wav/iwslt2024_bho-hi-1730-20181227191552_20.wav	0	7.12
wav/iwslt2024_bho-hi-1730-20181227191552_21.wav	0	7.56
wav/iwslt2024_bho-hi-1730-20181227191552_22.wav	0	5.76
wav/iwslt2024_bho-hi-1730-20181227191552_23.wav	0	6
wav/iwslt2024_bho-hi-1730-20181227191552_24.wav	0	7.52
wav/iwslt2024_bho-hi-1730-20181227191552_25.wav	0	13.04
wav/iwslt2024_bho-hi-1730-20181227191552_26.wav	0	5.8
wav/iwslt2024_bho-hi-1730-20181227191552_27.wav	0	10
wav/iwslt2024_bho-hi-1730-20181227191552_29.wav	0	3.32
wav/iwslt2024_bho-hi-1730-20181227191552_30.wav	0	5.04
wav/iwslt2024_bho-hi-1730-20181227191552_31.wav	0	5.92
wav/iwslt2024_bho-hi-1730-20181227191552_32.wav	0	4.08
wav/iwslt2024_bho-hi-1730-20181227191552_33.wav	0	2.28
wav/iwslt2024_bho-hi-1730-20181227191552_34.wav	0	2.44
wav/iwslt2024_bho-hi-1730-20181227191552_35.wav	0	5.52
wav/iwslt2024_bho-hi-1730-20181227191552_36.wav	0	12.12
wav/iwslt2024_bho-hi-1730-20181227191552_37.wav	0	8.12
wav/iwslt2024_bho-hi-1730-20181228195328_1.wav	0	12.52
wav/iwslt2024_bho-hi-1730-20181228195328_2.wav	0	5.8
wav/iwslt2024_bho-hi-1730-20181228195328_3.wav	0	7.04
wav/iwslt2024_bho-hi-1730-20181228195328_4.wav	0	4.68
wav/iwslt2024_bho-hi-1730-20181228195328_5.wav	0	9.72
wav/iwslt2024_bho-hi-1730-20181228195328_7.wav	0	4.56
wav/iwslt2024_bho-hi-1730-20181228195328_8.wav	0	6.04
wav/iwslt2024_bho-hi-1730-20181228195328_9.wav	0	8.48
wav/iwslt2024_bho-hi-1730-20181228195328_10.wav	0	5.52
wav/iwslt2024_bho-hi-1730-20181228195328_11.wav	0	9.08
wav/iwslt2024_bho-hi-1730-20181228195328_12.wav	0	6.36
wav/iwslt2024_bho-hi-1730-20181228195328_13.wav	0	10.04
wav/iwslt2024_bho-hi-1730-20181228195328_14.wav	0	5.28
wav/iwslt2024_bho-hi-1730-20181228195328_15.wav	0	6.36
wav/iwslt2024_bho-hi-1730-20181228195328_16.wav	0	7.08
wav/iwslt2024_bho-hi-1730-20181228195328_17.wav	0	2.88
wav/iwslt2024_bho-hi-1730-20181228195328_18.wav	0	4.04
wav/iwslt2024_bho-hi-1730-20181228195328_19.wav	0	7.4
wav/iwslt2024_bho-hi-1730-20181228195328_21.wav	0	2.52
wav/iwslt2024_bho-hi-1730-20181228195328_22.wav	0	13.76
wav/iwslt2024_bho-hi-1730-20181228195328_23.wav	0	4.52
wav/iwslt2024_bho-hi-1730-20181228195328_24.wav	0	6.2
wav/iwslt2024_bho-hi-1730-20181228195328_25.wav	0	9.16
wav/iwslt2024_bho-hi-1730-20181228195328_27.wav	0	11.44
wav/iwslt2024_bho-hi-1730-20181228195328_28.wav	0	3.96
wav/iwslt2024_bho-hi-1730-20181228195328_29.wav	0	6.04
wav/iwslt2024_bho-hi-1730-20181228195328_30.wav	0	5.76
wav/iwslt2024_bho-hi-1730-20181228195328_31.wav	0	2.8
wav/iwslt2024_bho-hi-1730-20181228195328_32.wav	0	4.04
wav/iwslt2024_bho-hi-1730-20181228195328_33.wav	0	3.08
wav/iwslt2024_bho-hi-1730-20181228195328_34.wav	0	9.68
wav/iwslt2024_bho-hi-1730-20181228195328_35.wav	0	4.96
wav/iwslt2024_bho-hi-1730-20181228195328_36.wav	0	5.68
wav/iwslt2024_bho-hi-1730-20181230184551_1.wav	0	9.6
wav/iwslt2024_bho-hi-1730-20181230184551_2.wav	0	7.72
wav/iwslt2024_bho-hi-1730-20181230184551_3.wav	0	7.04
wav/iwslt2024_bho-hi-1730-20181230184551_4.wav	0	7.12
wav/iwslt2024_bho-hi-1730-20181230184551_5.wav	0	14.68
wav/iwslt2024_bho-hi-1730-20181230184551_6.wav	0	5.2
wav/iwslt2024_bho-hi-1730-20181230184551_7.wav	0	7.48
wav/iwslt2024_bho-hi-1730-20181230184551_8.wav	0	4.2
wav/iwslt2024_bho-hi-1730-20181230184551_10.wav	0	9.84
wav/iwslt2024_bho-hi-1730-20181230184551_11.wav	0	10.36
wav/iwslt2024_bho-hi-1730-20181230184551_12.wav	0	7.2
wav/iwslt2024_bho-hi-1730-20181230184551_13.wav	0	5.96
wav/iwslt2024_bho-hi-1730-20181230184551_14.wav	0	5
wav/iwslt2024_bho-hi-1730-20181230184551_15.wav	0	14.76
wav/iwslt2024_bho-hi-1730-20181230184551_16.wav	0	7.48
wav/iwslt2024_bho-hi-1730-20181230184551_20.wav	0	7.96
wav/iwslt2024_bho-hi-1730-20181230184551_21.wav	0	9.64
wav/iwslt2024_bho-hi-1730-20181230184551_22.wav	0	8.76
wav/iwslt2024_bho-hi-1730-20181230184551_23.wav	0	5
wav/iwslt2024_bho-hi-1730-20181230184551_24.wav	0	6.8
wav/iwslt2024_bho-hi-1730-20181230184551_25.wav	0	3.64
wav/iwslt2024_bho-hi-1730-20181230184551_26.wav	0	4.72
wav/iwslt2024_bho-hi-1730-20181230184551_27.wav	0	4.72
wav/iwslt2024_bho-hi-1730-20181230184551_28.wav	0	7.76
wav/iwslt2024_bho-hi-1730-20181230184551_29.wav	0	6.4
wav/iwslt2024_bho-hi-1730-20181230184551_30.wav	0	7.12
wav/iwslt2024_bho-hi-1730-20181230184551_31.wav	0	13.44
wav/iwslt2024_bho-hi-1730-20181230184551_32.wav	0	3.96
wav/iwslt2024_bho-hi-1730-20181230184551_33.wav	0	8.56
wav/iwslt2024_bho-hi-1730-20181231182659_1.wav	0	12.12
wav/iwslt2024_bho-hi-1730-20181231182659_2.wav	0	5.8
wav/iwslt2024_bho-hi-1730-20181231182659_3.wav	0	7.84
wav/iwslt2024_bho-hi-1730-20181231182659_4.wav	0	14.68
wav/iwslt2024_bho-hi-1730-20181231182659_5.wav	0	5.48
wav/iwslt2024_bho-hi-1730-20181231182659_8.wav	0	6.04
wav/iwslt2024_bho-hi-1730-20181231182659_9.wav	0	8.72
wav/iwslt2024_bho-hi-1730-20181231182659_11.wav	0	7.04
wav/iwslt2024_bho-hi-1730-20181231182659_12.wav	0	4.4
wav/iwslt2024_bho-hi-1730-20181231182659_13.wav	0	7.84
wav/iwslt2024_bho-hi-1730-20181231182659_14.wav	0	7.4
wav/iwslt2024_bho-hi-1730-20181231182659_15.wav	0	5.28
wav/iwslt2024_bho-hi-1730-20181231182659_16.wav	0	7.16
wav/iwslt2024_bho-hi-1730-20181231182659_17.wav	0	11.32
wav/iwslt2024_bho-hi-1730-20181231182659_18.wav	0	10.16
wav/iwslt2024_bho-hi-1730-20181231182659_19.wav	0	7.24
wav/iwslt2024_bho-hi-1730-20181231182659_20.wav	0	9.52
wav/iwslt2024_bho-hi-1730-20181231182659_22.wav	0	8.24
wav/iwslt2024_bho-hi-1730-20181231182659_23.wav	0	6.76
wav/iwslt2024_bho-hi-1730-20181231182659_24.wav	0	6.72
wav/iwslt2024_bho-hi-1730-20181231182659_26.wav	0	5.76
wav/iwslt2024_bho-hi-1730-20181231182659_27.wav	0	5.48
wav/iwslt2024_bho-hi-1730-20181231182659_28.wav	0	7
wav/iwslt2024_bho-hi-1730-20181231182659_29.wav	0	5.88
wav/iwslt2024_bho-hi-1730-20181231182659_30.wav	0	4.56
wav/iwslt2024_bho-hi-1730-20181231182659_31.wav	0	11.04
wav/iwslt2024_bho-hi-1730-20181231182659_32.wav	0	4
wav/iwslt2024_bho-hi-1730-20181231182659_33.wav	0	10.6
wav/iwslt2024_bho-hi-1730-20191011193235_1.wav	0	12.92
wav/iwslt2024_bho-hi-1730-20191011193235_2.wav	0	8.96
wav/iwslt2024_bho-hi-1730-20191011193235_3.wav	0	6.28
wav/iwslt2024_bho-hi-1730-20191011193235_4.wav	0	7.68
wav/iwslt2024_bho-hi-1730-20191011193235_5.wav	0	4.72
wav/iwslt2024_bho-hi-1730-20191011193235_6.wav	0	5.88
wav/iwslt2024_bho-hi-1730-20191011193235_7.wav	0	4.32
wav/iwslt2024_bho-hi-1730-20191011193235_8.wav	0	8.68
wav/iwslt2024_bho-hi-1730-20191011193235_9.wav	0	3
wav/iwslt2024_bho-hi-1730-20191011193235_10.wav	0	6.32
wav/iwslt2024_bho-hi-1730-20191011193235_11.wav	0	4.96
wav/iwslt2024_bho-hi-1730-20191011193235_12.wav	0	6.8
wav/iwslt2024_bho-hi-1730-20191011193235_13.wav	0	5.28
wav/iwslt2024_bho-hi-1730-20191011193235_14.wav	0	5.16
wav/iwslt2024_bho-hi-1730-20191011193235_15.wav	0	9.36
wav/iwslt2024_bho-hi-1730-20191011193235_16.wav	0	6.84
wav/iwslt2024_bho-hi-1730-20191011193235_17.wav	0	3.2
wav/iwslt2024_bho-hi-1730-20191011193235_19.wav	0	5
wav/iwslt2024_bho-hi-1730-20191011193235_20.wav	0	9.88
wav/iwslt2024_bho-hi-1730-20191011193235_21.wav	0	14.32
wav/iwslt2024_bho-hi-1730-20191011193235_22.wav	0	3.08
wav/iwslt2024_bho-hi-1730-20191011193235_23.wav	0	9.8
wav/iwslt2024_bho-hi-1730-20191011193235_24.wav	0	3.56
wav/iwslt2024_bho-hi-1730-20191011193235_25.wav	0	9.12
wav/iwslt2024_bho-hi-1730-20191011193235_27.wav	0	2.68
wav/iwslt2024_bho-hi-1730-20191011193235_28.wav	0	7.44
wav/iwslt2024_bho-hi-1730-20191011193235_29.wav	0	6.04
wav/iwslt2024_bho-hi-1730-20191011193235_30.wav	0	12.68
wav/iwslt2024_bho-hi-1730-20191011193235_31.wav	0	7.36
wav/iwslt2024_bho-hi-1730-20191011193235_32.wav	0	3.12
wav/iwslt2024_bho-hi-1730-20191011193235_33.wav	0	5.64
wav/iwslt2024_bho-hi-1730-20191011193235_34.wav	0	6.04
wav/iwslt2024_bho-hi-1730-20191011193235_35.wav	0	7.56
wav/iwslt2024_bho-hi-1730-20191011193235_36.wav	0	12.04
wav/iwslt2024_bho-hi-1730-20191012193815_1.wav	0	11.84
wav/iwslt2024_bho-hi-1730-20191012193815_3.wav	0	6.28
wav/iwslt2024_bho-hi-1730-20191012193815_4.wav	0	6.52
wav/iwslt2024_bho-hi-1730-20191012193815_5.wav	0	12.2
wav/iwslt2024_bho-hi-1730-20191012193815_6.wav	0	13.24
wav/iwslt2024_bho-hi-1730-20191012193815_7.wav	0	11.84
wav/iwslt2024_bho-hi-1730-20191012193815_8.wav	0	8.4
wav/iwslt2024_bho-hi-1730-20191012193815_9.wav	0	6.96
wav/iwslt2024_bho-hi-1730-20191012193815_10.wav	0	10.68
wav/iwslt2024_bho-hi-1730-20191012193815_12.wav	0	4.68
wav/iwslt2024_bho-hi-1730-20191012193815_13.wav	0	8.32
wav/iwslt2024_bho-hi-1730-20191012193815_15.wav	0	9.96
wav/iwslt2024_bho-hi-1730-20191012193815_18.wav	0	13.32
wav/iwslt2024_bho-hi-1730-20191012193815_19.wav	0	10.08
wav/iwslt2024_bho-hi-1730-20191012193815_20.wav	0	4.44
wav/iwslt2024_bho-hi-1730-20191012193815_21.wav	0	5.2
wav/iwslt2024_bho-hi-1730-20191012193815_22.wav	0	12.12
wav/iwslt2024_bho-hi-1730-20191012193815_24.wav	0	8.64
wav/iwslt2024_bho-hi-1730-20191012193815_25.wav	0	7
wav/iwslt2024_bho-hi-1730-20191012193815_26.wav	0	7
wav/iwslt2024_bho-hi-1730-20191012193815_27.wav	0	6.84
wav/iwslt2024_bho-hi-1730-20191012193815_28.wav	0	2.84
wav/iwslt2024_bho-hi-1730-20191012193815_29.wav	0	6.16
wav/iwslt2024_bho-hi-1730-20191012193815_30.wav	0	9.92
wav/iwslt2024_bho-hi-1730-20191012193815_31.wav	0	4.24
wav/iwslt2024_bho-hi-1730-20191014185058_1.wav	0	12.8
wav/iwslt2024_bho-hi-1730-20191014185058_2.wav	0	6.64
wav/iwslt2024_bho-hi-1730-20191014185058_3.wav	0	7.56
wav/iwslt2024_bho-hi-1730-20191014185058_4.wav	0	11.92
wav/iwslt2024_bho-hi-1730-20191014185058_5.wav	0	3.04
wav/iwslt2024_bho-hi-1730-20191014185058_7.wav	0	4.56
wav/iwslt2024_bho-hi-1730-20191014185058_8.wav	0	9.52
wav/iwslt2024_bho-hi-1730-20191014185058_9.wav	0	3.56
wav/iwslt2024_bho-hi-1730-20191014185058_10.wav	0	5.36
wav/iwslt2024_bho-hi-1730-20191014185058_11.wav	0	9.72
wav/iwslt2024_bho-hi-1730-20191014185058_12.wav	0	11.32
wav/iwslt2024_bho-hi-1730-20191014185058_13.wav	0	14.88
wav/iwslt2024_bho-hi-1730-20191014185058_14.wav	0	4.04
wav/iwslt2024_bho-hi-1730-20191014185058_16.wav	0	7.72
wav/iwslt2024_bho-hi-1730-20191014185058_18.wav	0	4.28
wav/iwslt2024_bho-hi-1730-20191014185058_19.wav	0	6.92
wav/iwslt2024_bho-hi-1730-20191014185058_20.wav	0	12
wav/iwslt2024_bho-hi-1730-20191014185058_21.wav	0	4.12
wav/iwslt2024_bho-hi-1730-20191014185058_22.wav	0	8.56
wav/iwslt2024_bho-hi-1730-20191014185058_23.wav	0	10.28
wav/iwslt2024_bho-hi-1730-20191014185058_24.wav	0	8.32
wav/iwslt2024_bho-hi-1730-20191014185058_25.wav	0	8.8
wav/iwslt2024_bho-hi-1730-20191014185058_26.wav	0	10.52
wav/iwslt2024_bho-hi-1730-20191014185058_27.wav	0	5.16
wav/iwslt2024_bho-hi-1730-20191014185058_28.wav	0	5.56
wav/iwslt2024_bho-hi-1730-20191014185058_29.wav	0	11.28
wav/iwslt2024_bho-hi-1730-20191014185058_30.wav	0	4.12
wav/iwslt2024_bho-hi-1730-20191014185058_31.wav	0	9.64
wav/iwslt2024_bho-hi-1730-20191014185058_32.wav	0	5.84
wav/iwslt2024_bho-hi-1730-20191014185058_33.wav	0	4.44
wav/iwslt2024_bho-hi-1730-20191015192832_1.wav	0	10.04
wav/iwslt2024_bho-hi-1730-20191015192832_3.wav	0	2
wav/iwslt2024_bho-hi-1730-20191015192832_4.wav	0	11.6
wav/iwslt2024_bho-hi-1730-20191015192832_5.wav	0	6.68
wav/iwslt2024_bho-hi-1730-20191015192832_6.wav	0	8.76
wav/iwslt2024_bho-hi-1730-20191015192832_7.wav	0	7.6
wav/iwslt2024_bho-hi-1730-20191015192832_8.wav	0	6.56
wav/iwslt2024_bho-hi-1730-20191015192832_9.wav	0	4.84
wav/iwslt2024_bho-hi-1730-20191015192832_10.wav	0	7.2
wav/iwslt2024_bho-hi-1730-20191015192832_11.wav	0	14.2
wav/iwslt2024_bho-hi-1730-20191015192832_12.wav	0	6.6
wav/iwslt2024_bho-hi-1730-20191015192832_13.wav	0	6.4
wav/iwslt2024_bho-hi-1730-20191015192832_15.wav	0	7
wav/iwslt2024_bho-hi-1730-20191015192832_16.wav	0	11.96
wav/iwslt2024_bho-hi-1730-20191015192832_17.wav	0	9.4
wav/iwslt2024_bho-hi-1730-20191015192832_18.wav	0	4.92
wav/iwslt2024_bho-hi-1730-20191015192832_19.wav	0	4.8
wav/iwslt2024_bho-hi-1730-20191015192832_20.wav	0	8.8
wav/iwslt2024_bho-hi-1730-20191015192832_21.wav	0	3.6
wav/iwslt2024_bho-hi-1730-20191015192832_22.wav	0	3.64
wav/iwslt2024_bho-hi-1730-20191015192832_23.wav	0	8.6
wav/iwslt2024_bho-hi-1730-20191015192832_24.wav	0	9.12
wav/iwslt2024_bho-hi-1730-20191015192832_25.wav	0	5.2
wav/iwslt2024_bho-hi-1730-20191015192832_26.wav	0	6.68
wav/iwslt2024_bho-hi-1730-20191015192832_27.wav	0	10.56
wav/iwslt2024_bho-hi-1730-20191016192853_1.wav	0	4.52
wav/iwslt2024_bho-hi-1730-20191016192853_2.wav	0	7.32
wav/iwslt2024_bho-hi-1730-20191016192853_3.wav	0	6.56
wav/iwslt2024_bho-hi-1730-20191016192853_4.wav	0	7.84
wav/iwslt2024_bho-hi-1730-20191016192853_6.wav	0	7.08
wav/iwslt2024_bho-hi-1730-20191016192853_7.wav	0	14.48
wav/iwslt2024_bho-hi-1730-20191016192853_8.wav	0	11.16
wav/iwslt2024_bho-hi-1730-20191016192853_9.wav	0	10.48
wav/iwslt2024_bho-hi-1730-20191016192853_10.wav	0	8.88
wav/iwslt2024_bho-hi-1730-20191016192853_11.wav	0	5.28
wav/iwslt2024_bho-hi-1730-20191016192853_12.wav	0	13.68
wav/iwslt2024_bho-hi-1730-20191016192853_13.wav	0	8.76
wav/iwslt2024_bho-hi-1730-20191016192853_14.wav	0	12.12
wav/iwslt2024_bho-hi-1730-20191016192853_15.wav	0	4.48
wav/iwslt2024_bho-hi-1730-20191016192853_17.wav	0	6
wav/iwslt2024_bho-hi-1730-20191016192853_18.wav	0	7.28
wav/iwslt2024_bho-hi-1730-20191016192853_19.wav	0	6.44
wav/iwslt2024_bho-hi-1730-20191016192853_20.wav	0	6.04
wav/iwslt2024_bho-hi-1730-20191016192853_21.wav	0	8.84
wav/iwslt2024_bho-hi-1730-20191016192853_22.wav	0	3.92
wav/iwslt2024_bho-hi-1730-20191016192853_23.wav	0	7.68
wav/iwslt2024_bho-hi-1730-20191016192853_24.wav	0	8.44
wav/iwslt2024_bho-hi-1730-20191016192853_26.wav	0	9.28
wav/iwslt2024_bho-hi-1730-20191016192853_27.wav	0	6.36
wav/iwslt2024_bho-hi-1730-20191017183854_1.wav	0	4.64
wav/iwslt2024_bho-hi-1730-20191017183854_2.wav	0	5.16
wav/iwslt2024_bho-hi-1730-20191017183854_4.wav	0	2.6
wav/iwslt2024_bho-hi-1730-20191017183854_5.wav	0	10.4
wav/iwslt2024_bho-hi-1730-20191017183854_7.wav	0	5.96
wav/iwslt2024_bho-hi-1730-20191017183854_10.wav	0	3.64
wav/iwslt2024_bho-hi-1730-20191017183854_11.wav	0	12.24
wav/iwslt2024_bho-hi-1730-20191017183854_12.wav	0	14.44
wav/iwslt2024_bho-hi-1730-20191017183854_13.wav	0	8.16
wav/iwslt2024_bho-hi-1730-20191017183854_15.wav	0	5.92
wav/iwslt2024_bho-hi-1730-20191017183854_16.wav	0	6.4
wav/iwslt2024_bho-hi-1730-20191017183854_17.wav	0	3.6
wav/iwslt2024_bho-hi-1730-20191017183854_18.wav	0	7.16
wav/iwslt2024_bho-hi-1730-20191017183854_19.wav	0	4.68
wav/iwslt2024_bho-hi-1730-20191017183854_20.wav	0	9.12
wav/iwslt2024_bho-hi-1730-20191017183854_21.wav	0	6.28
wav/iwslt2024_bho-hi-1730-20191017183854_22.wav	0	2.12
wav/iwslt2024_bho-hi-1730-20191017183854_23.wav	0	5.8
wav/iwslt2024_bho-hi-1730-20191017183854_24.wav	0	4.24
wav/iwslt2024_bho-hi-1730-20191017183854_25.wav	0	6.72
wav/iwslt2024_bho-hi-1730-20191017183854_26.wav	0	9.48
wav/iwslt2024_bho-hi-1730-20191017183854_27.wav	0	10.88
wav/iwslt2024_bho-hi-1730-20191017183854_28.wav	0	9.12
wav/iwslt2024_bho-hi-1730-20191017183854_29.wav	0	3.76
wav/iwslt2024_bho-hi-1730-20191017183854_30.wav	0	4.08
wav/iwslt2024_bho-hi-1730-20191017183854_31.wav	0	4.24
wav/iwslt2024_bho-hi-1730-20191017183854_32.wav	0	3.28
wav/iwslt2024_bho-hi-1730-20191017183854_33.wav	0	4.28
wav/iwslt2024_bho-hi-1730-20191017183854_34.wav	0	5
wav/iwslt2024_bho-hi-1730-20191017183854_35.wav	0	3.56
wav/iwslt2024_bho-hi-1730-20191017183854_36.wav	0	7.32
wav/iwslt2024_bho-hi-1730-20191017183854_37.wav	0	3.88
wav/iwslt2024_bho-hi-1730-20191017183854_38.wav	0	8.4
wav/iwslt2024_bho-hi-1730-20191017183854_39.wav	0	4.16
wav/iwslt2024_bho-hi-1730-20191018192612_1.wav	0	7.8
wav/iwslt2024_bho-hi-1730-20191018192612_3.wav	0	2.56
wav/iwslt2024_bho-hi-1730-20191018192612_4.wav	0	4.8
wav/iwslt2024_bho-hi-1730-20191018192612_5.wav	0	7.24
wav/iwslt2024_bho-hi-1730-20191018192612_6.wav	0	9.08
wav/iwslt2024_bho-hi-1730-20191018192612_7.wav	0	6.72
wav/iwslt2024_bho-hi-1730-20191018192612_9.wav	0	7.24
wav/iwslt2024_bho-hi-1730-20191018192612_10.wav	0	8.6
wav/iwslt2024_bho-hi-1730-20191018192612_11.wav	0	5.4
wav/iwslt2024_bho-hi-1730-20191018192612_12.wav	0	9.16
wav/iwslt2024_bho-hi-1730-20191018192612_13.wav	0	6.04
wav/iwslt2024_bho-hi-1730-20191018192612_14.wav	0	3.08
wav/iwslt2024_bho-hi-1730-20191018192612_15.wav	0	4.04
wav/iwslt2024_bho-hi-1730-20191018192612_16.wav	0	6.88
wav/iwslt2024_bho-hi-1730-20191018192612_17.wav	0	5.56
wav/iwslt2024_bho-hi-1730-20191018192612_18.wav	0	6.12
wav/iwslt2024_bho-hi-1730-20191018192612_19.wav	0	11.56
wav/iwslt2024_bho-hi-1730-20191018192612_20.wav	0	6.4
wav/iwslt2024_bho-hi-1730-20191018192612_21.wav	0	4.6
wav/iwslt2024_bho-hi-1730-20191018192612_23.wav	0	7.88
wav/iwslt2024_bho-hi-1730-20191018192612_24.wav	0	5.48
wav/iwslt2024_bho-hi-1730-20191018192612_25.wav	0	10.92
wav/iwslt2024_bho-hi-1730-20191018192612_26.wav	0	12.76
wav/iwslt2024_bho-hi-1730-20191018192612_27.wav	0	4
wav/iwslt2024_bho-hi-1730-20191018192612_29.wav	0	5.04
wav/iwslt2024_bho-hi-1730-20191018192612_30.wav	0	6.28
wav/iwslt2024_bho-hi-1730-20191018192612_31.wav	0	4.64
wav/iwslt2024_bho-hi-1730-20191018192612_33.wav	0	7.72
wav/iwslt2024_bho-hi-1730-20191019204218_1.wav	0	7.64
wav/iwslt2024_bho-hi-1730-20191019204218_2.wav	0	5.88
wav/iwslt2024_bho-hi-1730-20191019204218_3.wav	0	5.32
wav/iwslt2024_bho-hi-1730-20191019204218_4.wav	0	7.72
wav/iwslt2024_bho-hi-1730-20191019204218_5.wav	0	5.76
wav/iwslt2024_bho-hi-1730-20191019204218_6.wav	0	5.4
wav/iwslt2024_bho-hi-1730-20191019204218_7.wav	0	14.28
wav/iwslt2024_bho-hi-1730-20191019204218_9.wav	0	6.84
wav/iwslt2024_bho-hi-1730-20191019204218_11.wav	0	3.44
wav/iwslt2024_bho-hi-1730-20191019204218_12.wav	0	3.92
wav/iwslt2024_bho-hi-1730-20191019204218_13.wav	0	4.2
wav/iwslt2024_bho-hi-1730-20191019204218_16.wav	0	8.28
wav/iwslt2024_bho-hi-1730-20191019204218_17.wav	0	12.68
wav/iwslt2024_bho-hi-1730-20191019204218_20.wav	0	6.6
wav/iwslt2024_bho-hi-1730-20191019204218_21.wav	0	8.16
wav/iwslt2024_bho-hi-1730-20191019204218_22.wav	0	3.52
wav/iwslt2024_bho-hi-1730-20191019204218_23.wav	0	8.36
wav/iwslt2024_bho-hi-1730-20191019204218_24.wav	0	3.44
wav/iwslt2024_bho-hi-1730-20191019204218_25.wav	0	5.84
wav/iwslt2024_bho-hi-1730-20191019204218_27.wav	0	2.44
wav/iwslt2024_bho-hi-1730-20191019204218_28.wav	0	9.28
wav/iwslt2024_bho-hi-1730-20191019204218_29.wav	0	5
wav/iwslt2024_bho-hi-1730-20191019204218_30.wav	0	3.16
wav/iwslt2024_bho-hi-1730-20191019204218_31.wav	0	2
wav/iwslt2024_bho-hi-1730-20191019204218_32.wav	0	4.72
wav/iwslt2024_bho-hi-1730-20191020191123_1.wav	0	6.64
wav/iwslt2024_bho-hi-1730-20191020191123_2.wav	0	4.8
wav/iwslt2024_bho-hi-1730-20191020191123_3.wav	0	7.72
wav/iwslt2024_bho-hi-1730-20191020191123_4.wav	0	8.92
wav/iwslt2024_bho-hi-1730-20191020191123_5.wav	0	5.92
wav/iwslt2024_bho-hi-1730-20191020191123_6.wav	0	4.04
wav/iwslt2024_bho-hi-1730-20191020191123_7.wav	0	6.4
wav/iwslt2024_bho-hi-1730-20191020191123_8.wav	0	4.2
wav/iwslt2024_bho-hi-1730-20191020191123_9.wav	0	4.16
wav/iwslt2024_bho-hi-1730-20191020191123_10.wav	0	4.48
wav/iwslt2024_bho-hi-1730-20191020191123_11.wav	0	4.8
wav/iwslt2024_bho-hi-1730-20191020191123_12.wav	0	7.16
wav/iwslt2024_bho-hi-1730-20191020191123_13.wav	0	9.92
wav/iwslt2024_bho-hi-1730-20191020191123_14.wav	0	7.24
wav/iwslt2024_bho-hi-1730-20191020191123_16.wav	0	5.36
wav/iwslt2024_bho-hi-1730-20191020191123_17.wav	0	6.04
wav/iwslt2024_bho-hi-1730-20191020191123_18.wav	0	10.12
wav/iwslt2024_bho-hi-1730-20191020191123_19.wav	0	9.52
wav/iwslt2024_bho-hi-1730-20191020191123_20.wav	0	14.56
wav/iwslt2024_bho-hi-1730-20191020191123_21.wav	0	5.16
wav/iwslt2024_bho-hi-1730-20191020191123_22.wav	0	5.28
wav/iwslt2024_bho-hi-1730-20191020191123_23.wav	0	6.8
wav/iwslt2024_bho-hi-1730-20191020191123_25.wav	0	8.28
wav/iwslt2024_bho-hi-1730-20191020191123_26.wav	0	10.92
wav/iwslt2024_bho-hi-1730-20191020191123_27.wav	0	11.04
wav/iwslt2024_bho-hi-1730-20191020191123_28.wav	0	5.84
wav/iwslt2024_bho-hi-1730-20191020191123_29.wav	0	3.2
wav/iwslt2024_bho-hi-1730-20191020191123_30.wav	0	7.88
wav/iwslt2024_bho-hi-1730-20191020191123_31.wav	0	9.24
wav/iwslt2024_bho-hi-1730-20191020191123_32.wav	0	6.68
wav/iwslt2024_bho-hi-1730-20191020191123_33.wav	0	6.12
wav/iwslt2024_bho-hi-1730-20191020191123_34.wav	0	7.64
wav/iwslt2024_bho-hi-1730-20191021185349_1.wav	0	4.68
wav/iwslt2024_bho-hi-1730-20191021185349_2.wav	0	12.6
wav/iwslt2024_bho-hi-1730-20191021185349_4.wav	0	8.8
wav/iwslt2024_bho-hi-1730-20191021185349_5.wav	0	6.28
wav/iwslt2024_bho-hi-1730-20191021185349_6.wav	0	3.92
wav/iwslt2024_bho-hi-1730-20191021185349_7.wav	0	9.68
wav/iwslt2024_bho-hi-1730-20191021185349_8.wav	0	12.36
wav/iwslt2024_bho-hi-1730-20191021185349_9.wav	0	9.2
wav/iwslt2024_bho-hi-1730-20191021185349_10.wav	0	8.16
wav/iwslt2024_bho-hi-1730-20191021185349_11.wav	0	6.44
wav/iwslt2024_bho-hi-1730-20191021185349_12.wav	0	11.64
wav/iwslt2024_bho-hi-1730-20191021185349_14.wav	0	10.84
wav/iwslt2024_bho-hi-1730-20191021185349_15.wav	0	9.44
wav/iwslt2024_bho-hi-1730-20191021185349_16.wav	0	7.64
wav/iwslt2024_bho-hi-1730-20191021185349_17.wav	0	11.96
wav/iwslt2024_bho-hi-1730-20191021185349_18.wav	0	13.72
wav/iwslt2024_bho-hi-1730-20191021185349_19.wav	0	7.12
wav/iwslt2024_bho-hi-1730-20191021185349_20.wav	0	4.04
wav/iwslt2024_bho-hi-1730-20191021185349_21.wav	0	6.36
wav/iwslt2024_bho-hi-1730-20191021185349_22.wav	0	5.52
wav/iwslt2024_bho-hi-1730-20191021185349_23.wav	0	10.8
wav/iwslt2024_bho-hi-1730-20191021185349_24.wav	0	12.52
wav/iwslt2024_bho-hi-1730-20191021185349_25.wav	0	7.08
wav/iwslt2024_bho-hi-1730-20191021185349_26.wav	0	5.16
wav/iwslt2024_bho-hi-1730-20191021185349_27.wav	0	10.84
wav/iwslt2024_bho-hi-1730-20191022183547_1.wav	0	11.36
wav/iwslt2024_bho-hi-1730-20191022183547_3.wav	0	4.68
wav/iwslt2024_bho-hi-1730-20191022183547_5.wav	0	5.56
wav/iwslt2024_bho-hi-1730-20191022183547_6.wav	0	4.64
wav/iwslt2024_bho-hi-1730-20191022183547_7.wav	0	6.6
wav/iwslt2024_bho-hi-1730-20191022183547_8.wav	0	7.84
wav/iwslt2024_bho-hi-1730-20191022183547_9.wav	0	4.04
wav/iwslt2024_bho-hi-1730-20191022183547_11.wav	0	6.6
wav/iwslt2024_bho-hi-1730-20191022183547_12.wav	0	5.08
wav/iwslt2024_bho-hi-1730-20191022183547_13.wav	0	7.12
wav/iwslt2024_bho-hi-1730-20191022183547_15.wav	0	5.52
wav/iwslt2024_bho-hi-1730-20191022183547_16.wav	0	4.88
wav/iwslt2024_bho-hi-1730-20191022183547_17.wav	0	4.16
wav/iwslt2024_bho-hi-1730-20191022183547_18.wav	0	4.6
wav/iwslt2024_bho-hi-1730-20191022183547_19.wav	0	6.48
wav/iwslt2024_bho-hi-1730-20191022183547_20.wav	0	8.48
wav/iwslt2024_bho-hi-1730-20191022183547_21.wav	0	5.8
wav/iwslt2024_bho-hi-1730-20191022183547_22.wav	0	8.4
wav/iwslt2024_bho-hi-1730-20191022183547_23.wav	0	6.8
wav/iwslt2024_bho-hi-1730-20191022183547_24.wav	0	3.2
wav/iwslt2024_bho-hi-1730-20191022183547_25.wav	0	4
wav/iwslt2024_bho-hi-1730-20191022183547_26.wav	0	7.92
wav/iwslt2024_bho-hi-1730-20191022183547_27.wav	0	2.88
wav/iwslt2024_bho-hi-1730-20191022183547_28.wav	0	14.6
wav/iwslt2024_bho-hi-1730-20191022183547_30.wav	0	5
wav/iwslt2024_bho-hi-1730-20191022183547_31.wav	0	3.08
wav/iwslt2024_bho-hi-1730-20191022183547_32.wav	0	9.6
wav/iwslt2024_bho-hi-1730-20191022183547_33.wav	0	1.88
wav/iwslt2024_bho-hi-1730-20191022183547_34.wav	0	11.76
wav/iwslt2024_bho-hi-1730-20191022183547_35.wav	0	9.4
wav/iwslt2024_bho-hi-1730-20191023193739_1.wav	0	5.84
wav/iwslt2024_bho-hi-1730-20191023193739_2.wav	0	6.24
wav/iwslt2024_bho-hi-1730-20191023193739_3.wav	0	11.52
wav/iwslt2024_bho-hi-1730-20191023193739_4.wav	0	7.92
wav/iwslt2024_bho-hi-1730-20191023193739_5.wav	0	12.44
wav/iwslt2024_bho-hi-1730-20191023193739_6.wav	0	4.6
wav/iwslt2024_bho-hi-1730-20191023193739_8.wav	0	5.76
wav/iwslt2024_bho-hi-1730-20191023193739_9.wav	0	10.64
wav/iwslt2024_bho-hi-1730-20191023193739_10.wav	0	5.8
wav/iwslt2024_bho-hi-1730-20191023193739_11.wav	0	4.52
wav/iwslt2024_bho-hi-1730-20191023193739_12.wav	0	7.32
wav/iwslt2024_bho-hi-1730-20191023193739_13.wav	0	9.36
wav/iwslt2024_bho-hi-1730-20191023193739_14.wav	0	6.52
wav/iwslt2024_bho-hi-1730-20191023193739_15.wav	0	12.36
wav/iwslt2024_bho-hi-1730-20191023193739_16.wav	0	9.72
wav/iwslt2024_bho-hi-1730-20191023193739_18.wav	0	14.16
wav/iwslt2024_bho-hi-1730-20191023193739_19.wav	0	4.44
wav/iwslt2024_bho-hi-1730-20191023193739_20.wav	0	7.76
wav/iwslt2024_bho-hi-1730-20191023193739_21.wav	0	8.48
wav/iwslt2024_bho-hi-1730-20191023193739_22.wav	0	13.12
wav/iwslt2024_bho-hi-1730-20191023193739_23.wav	0	8.16
wav/iwslt2024_bho-hi-1730-20191023193739_24.wav	0	12.08
wav/iwslt2024_bho-hi-1730-20191023193739_25.wav	0	6.68
wav/iwslt2024_bho-hi-1730-20191023193739_26.wav	0	13.16
wav/iwslt2024_bho-hi-1730-20191023193739_27.wav	0	6.24
wav/iwslt2024_bho-hi-1730-20191023193739_28.wav	0	6.16
wav/iwslt2024_bho-hi-1730-20191023193739_29.wav	0	5.44
wav/iwslt2024_bho-hi-1730-20191025212046_1.wav	0	11.04
wav/iwslt2024_bho-hi-1730-20191025212046_2.wav	0	6.56
wav/iwslt2024_bho-hi-1730-20191025212046_3.wav	0	5
wav/iwslt2024_bho-hi-1730-20191025212046_4.wav	0	8.28
wav/iwslt2024_bho-hi-1730-20191025212046_5.wav	0	7.36
wav/iwslt2024_bho-hi-1730-20191025212046_6.wav	0	4.88
wav/iwslt2024_bho-hi-1730-20191025212046_7.wav	0	10.88
wav/iwslt2024_bho-hi-1730-20191025212046_9.wav	0	7.32
wav/iwslt2024_bho-hi-1730-20191025212046_10.wav	0	7.76
wav/iwslt2024_bho-hi-1730-20191025212046_11.wav	0	6.68
wav/iwslt2024_bho-hi-1730-20191025212046_12.wav	0	12.6
wav/iwslt2024_bho-hi-1730-20191025212046_13.wav	0	9.88
wav/iwslt2024_bho-hi-1730-20191025212046_14.wav	0	6.08
wav/iwslt2024_bho-hi-1730-20191025212046_15.wav	0	9.12
wav/iwslt2024_bho-hi-1730-20191025212046_16.wav	0	9
wav/iwslt2024_bho-hi-1730-20191025212046_17.wav	0	5.12
wav/iwslt2024_bho-hi-1730-20191025212046_18.wav	0	5.12
wav/iwslt2024_bho-hi-1730-20191025212046_19.wav	0	7.48
wav/iwslt2024_bho-hi-1730-20191025212046_20.wav	0	4.52
wav/iwslt2024_bho-hi-1730-20191025212046_21.wav	0	6.28
wav/iwslt2024_bho-hi-1730-20191025212046_22.wav	0	3.4
wav/iwslt2024_bho-hi-1730-20191025212046_23.wav	0	4.56
wav/iwslt2024_bho-hi-1730-20191025212046_24.wav	0	8.28
wav/iwslt2024_bho-hi-1730-20191025212046_25.wav	0	4.44
wav/iwslt2024_bho-hi-1730-20191025212046_26.wav	0	5.56
wav/iwslt2024_bho-hi-1730-20191025212046_27.wav	0	3.44
wav/iwslt2024_bho-hi-1730-20191025212046_28.wav	0	4.4
wav/iwslt2024_bho-hi-1730-20191025212046_34.wav	0	4.4
wav/iwslt2024_bho-hi-1730-20191025212046_35.wav	0	4.84
wav/iwslt2024_bho-hi-1730-20191025212046_41.wav	0	14.2
wav/iwslt2024_bho-hi-1730-20191026205911_1.wav	0	9.48
wav/iwslt2024_bho-hi-1730-20191026205911_2.wav	0	11.04
wav/iwslt2024_bho-hi-1730-20191026205911_3.wav	0	6.64
wav/iwslt2024_bho-hi-1730-20191026205911_4.wav	0	4.88
wav/iwslt2024_bho-hi-1730-20191026205911_5.wav	0	14.12
wav/iwslt2024_bho-hi-1730-20191026205911_6.wav	0	4.12
wav/iwslt2024_bho-hi-1730-20191026205911_7.wav	0	12.56
wav/iwslt2024_bho-hi-1730-20191026205911_8.wav	0	3.64
wav/iwslt2024_bho-hi-1730-20191026205911_9.wav	0	10.32
wav/iwslt2024_bho-hi-1730-20191026205911_10.wav	0	6.48
wav/iwslt2024_bho-hi-1730-20191026205911_11.wav	0	9.48
wav/iwslt2024_bho-hi-1730-20191026205911_12.wav	0	10.52
wav/iwslt2024_bho-hi-1730-20191026205911_13.wav	0	4.44
wav/iwslt2024_bho-hi-1730-20191026205911_14.wav	0	9.92
wav/iwslt2024_bho-hi-1730-20191026205911_15.wav	0	4.36
wav/iwslt2024_bho-hi-1730-20191026205911_16.wav	0	6.44
wav/iwslt2024_bho-hi-1730-20191026205911_17.wav	0	4.16
wav/iwslt2024_bho-hi-1730-20191026205911_18.wav	0	4.28
wav/iwslt2024_bho-hi-1730-20191026205911_19.wav	0	7.52
wav/iwslt2024_bho-hi-1730-20191026205911_21.wav	0	3.84
wav/iwslt2024_bho-hi-1730-20191026205911_22.wav	0	7.32
wav/iwslt2024_bho-hi-1730-20191026205911_23.wav	0	4.92
wav/iwslt2024_bho-hi-1730-20191026205911_29.wav	0	6.04
wav/iwslt2024_bho-hi-1730-20191026205911_30.wav	0	13.64
wav/iwslt2024_bho-hi-1730-20191026205911_31.wav	0	11.4
wav/iwslt2024_bho-hi-1730-20191026205911_32.wav	0	7.88
wav/iwslt2024_bho-hi-1730-20191026205911_33.wav	0	8.76
wav/iwslt2024_bho-hi-1730-20191027182938_1.wav	0	5.68
wav/iwslt2024_bho-hi-1730-20191027182938_2.wav	0	11.68
wav/iwslt2024_bho-hi-1730-20191027182938_3.wav	0	4.68
wav/iwslt2024_bho-hi-1730-20191027182938_4.wav	0	14.16
wav/iwslt2024_bho-hi-1730-20191027182938_5.wav	0	13.64
wav/iwslt2024_bho-hi-1730-20191027182938_6.wav	0	3.44
wav/iwslt2024_bho-hi-1730-20191027182938_7.wav	0	4.72
wav/iwslt2024_bho-hi-1730-20191027182938_8.wav	0	11.48
wav/iwslt2024_bho-hi-1730-20191027182938_9.wav	0	6.6
wav/iwslt2024_bho-hi-1730-20191027182938_10.wav	0	11.24
wav/iwslt2024_bho-hi-1730-20191027182938_11.wav	0	6.16
wav/iwslt2024_bho-hi-1730-20191027182938_12.wav	0	3.44
wav/iwslt2024_bho-hi-1730-20191027182938_13.wav	0	3.36
wav/iwslt2024_bho-hi-1730-20191027182938_14.wav	0	4.52
wav/iwslt2024_bho-hi-1730-20191027182938_15.wav	0	8.84
wav/iwslt2024_bho-hi-1730-20191027182938_16.wav	0	9.68
wav/iwslt2024_bho-hi-1730-20191027182938_17.wav	0	7.96
wav/iwslt2024_bho-hi-1730-20191027182938_18.wav	0	5.44
wav/iwslt2024_bho-hi-1730-20191027182938_19.wav	0	5.08
wav/iwslt2024_bho-hi-1730-20191027182938_20.wav	0	11.32
wav/iwslt2024_bho-hi-1730-20191027182938_21.wav	0	5.08
wav/iwslt2024_bho-hi-1730-20191027182938_22.wav	0	14
wav/iwslt2024_bho-hi-1730-20191027182938_23.wav	0	5.56
wav/iwslt2024_bho-hi-1730-20191027182938_24.wav	0	10.52
wav/iwslt2024_bho-hi-1730-20191027182938_25.wav	0	9.16
wav/iwslt2024_bho-hi-1730-20191027182938_26.wav	0	8.88
wav/iwslt2024_bho-hi-1730-20191027182938_27.wav	0	9.52
wav/iwslt2024_bho-hi-1730-20191027182938_28.wav	0	12.12
wav/iwslt2024_bho-hi-1730-20191027182938_29.wav	0	3
wav/iwslt2024_bho-hi-1730-20191027182938_30.wav	0	12.8
wav/iwslt2024_bho-hi-1730-20191027182938_31.wav	0	5.64
wav/iwslt2024_bho-hi-1730-20191027182938_32.wav	0	3.88
wav/iwslt2024_bho-hi-1730-20191027182938_33.wav	0	9.68
wav/iwslt2024_bho-hi-1730-20191027182938_34.wav	0	4.56
wav/iwslt2024_bho-hi-1730-20191027182938_35.wav	0	8.84
wav/iwslt2024_bho-hi-1730-20191028184457_1.wav	0	4.88
wav/iwslt2024_bho-hi-1730-20191028184457_2.wav	0	5.08
wav/iwslt2024_bho-hi-1730-20191028184457_3.wav	0	12
wav/iwslt2024_bho-hi-1730-20191028184457_4.wav	0	12.64
wav/iwslt2024_bho-hi-1730-20191028184457_5.wav	0	7.2
wav/iwslt2024_bho-hi-1730-20191028184457_6.wav	0	6.48
wav/iwslt2024_bho-hi-1730-20191028184457_7.wav	0	10.28
wav/iwslt2024_bho-hi-1730-20191028184457_8.wav	0	2.16
wav/iwslt2024_bho-hi-1730-20191028184457_10.wav	0	14.92
wav/iwslt2024_bho-hi-1730-20191028184457_11.wav	0	9.96
wav/iwslt2024_bho-hi-1730-20191028184457_13.wav	0	5.8
wav/iwslt2024_bho-hi-1730-20191028184457_14.wav	0	8.56
wav/iwslt2024_bho-hi-1730-20191028184457_15.wav	0	8
wav/iwslt2024_bho-hi-1730-20191028184457_22.wav	0	2.08
wav/iwslt2024_bho-hi-1730-20191028184457_23.wav	0	8.08
wav/iwslt2024_bho-hi-1730-20191028184457_24.wav	0	5.04
wav/iwslt2024_bho-hi-1730-20191028184457_25.wav	0	7.52
wav/iwslt2024_bho-hi-1730-20191028184457_26.wav	0	10.84
wav/iwslt2024_bho-hi-1730-20191028184457_27.wav	0	8.48
wav/iwslt2024_bho-hi-1730-20191029192540_1.wav	0	4.68
wav/iwslt2024_bho-hi-1730-20191029192540_2.wav	0	7
wav/iwslt2024_bho-hi-1730-20191029192540_3.wav	0	6.84
wav/iwslt2024_bho-hi-1730-20191029192540_4.wav	0	9.76
wav/iwslt2024_bho-hi-1730-20191029192540_5.wav	0	10.12
wav/iwslt2024_bho-hi-1730-20191029192540_7.wav	0	5.8
wav/iwslt2024_bho-hi-1730-20191029192540_8.wav	0	2.8
wav/iwslt2024_bho-hi-1730-20191029192540_9.wav	0	8.2
wav/iwslt2024_bho-hi-1730-20191029192540_11.wav	0	3.96
wav/iwslt2024_bho-hi-1730-20191029192540_12.wav	0	5.36
wav/iwslt2024_bho-hi-1730-20191029192540_13.wav	0	11.56
wav/iwslt2024_bho-hi-1730-20191029192540_14.wav	0	9.52
wav/iwslt2024_bho-hi-1730-20191029192540_15.wav	0	8
wav/iwslt2024_bho-hi-1730-20191029192540_16.wav	0	10.88
wav/iwslt2024_bho-hi-1730-20191029192540_17.wav	0	7.92
wav/iwslt2024_bho-hi-1730-20191029192540_22.wav	0	8.72
wav/iwslt2024_bho-hi-1730-20191029192540_25.wav	0	8.48
wav/iwslt2024_bho-hi-1730-20191029192540_27.wav	0	9.64
wav/iwslt2024_bho-hi-1730-20191029192540_28.wav	0	10.6
wav/iwslt2024_bho-hi-1730-20191030182942_2.wav	0	2.96
wav/iwslt2024_bho-hi-1730-20191030182942_4.wav	0	9.52
wav/iwslt2024_bho-hi-1730-20191030182942_5.wav	0	5.48
wav/iwslt2024_bho-hi-1730-20191030182942_6.wav	0	5.96
wav/iwslt2024_bho-hi-1730-20191030182942_7.wav	0	10.64
wav/iwslt2024_bho-hi-1730-20191030182942_8.wav	0	12.84
wav/iwslt2024_bho-hi-1730-20191030182942_9.wav	0	5.64
wav/iwslt2024_bho-hi-1730-20191030182942_10.wav	0	11.68
wav/iwslt2024_bho-hi-1730-20191030182942_12.wav	0	10.56
wav/iwslt2024_bho-hi-1730-20191030182942_13.wav	0	7.08
wav/iwslt2024_bho-hi-1730-20191030182942_14.wav	0	4.52
wav/iwslt2024_bho-hi-1730-20191030182942_15.wav	0	4.48
wav/iwslt2024_bho-hi-1730-20191030182942_16.wav	0	2.72
wav/iwslt2024_bho-hi-1730-20191030182942_18.wav	0	9.84
wav/iwslt2024_bho-hi-1730-20191030182942_21.wav	0	7.08
wav/iwslt2024_bho-hi-1730-20191030182942_22.wav	0	14.32
wav/iwslt2024_bho-hi-1730-20191030182942_23.wav	0	13.4
wav/iwslt2024_bho-hi-1730-20191030182942_24.wav	0	5.6
wav/iwslt2024_bho-hi-1730-20191030182942_25.wav	0	9.68
wav/iwslt2024_bho-hi-1730-20191030182942_26.wav	0	4.68
wav/iwslt2024_bho-hi-1730-20191030182942_27.wav	0	2.36
wav/iwslt2024_bho-hi-1730-20191030182942_28.wav	0	2.36
wav/iwslt2024_bho-hi-1730-20191030182942_29.wav	0	10.8
wav/iwslt2024_bho-hi-1730-20191110183655_1.wav	0	11.84
wav/iwslt2024_bho-hi-1730-20191110183655_2.wav	0	8.8
wav/iwslt2024_bho-hi-1730-20191110183655_3.wav	0	10.08
wav/iwslt2024_bho-hi-1730-20191110183655_4.wav	0	12.04
wav/iwslt2024_bho-hi-1730-20191110183655_5.wav	0	7.36
wav/iwslt2024_bho-hi-1730-20191110183655_6.wav	0	7.32
wav/iwslt2024_bho-hi-1730-20191110183655_7.wav	0	4.2
wav/iwslt2024_bho-hi-1730-20191110183655_9.wav	0	13.76
wav/iwslt2024_bho-hi-1730-20191110183655_10.wav	0	4.64
wav/iwslt2024_bho-hi-1730-20191110183655_11.wav	0	7.76
wav/iwslt2024_bho-hi-1730-20191110183655_12.wav	0	14.36
wav/iwslt2024_bho-hi-1730-20191110183655_13.wav	0	4.56
wav/iwslt2024_bho-hi-1730-20191110183655_14.wav	0	8.28
wav/iwslt2024_bho-hi-1730-20191110183655_15.wav	0	8.08
wav/iwslt2024_bho-hi-1730-20191110183655_16.wav	0	7.24
wav/iwslt2024_bho-hi-1730-20191110183655_17.wav	0	14.68
wav/iwslt2024_bho-hi-1730-20191110183655_18.wav	0	5.08
wav/iwslt2024_bho-hi-1730-20191110183655_19.wav	0	8.68
wav/iwslt2024_bho-hi-1730-20191110183655_20.wav	0	11.28
wav/iwslt2024_bho-hi-1730-20191110183655_21.wav	0	6.24
wav/iwslt2024_bho-hi-1730-20191110183655_22.wav	0	3.12
wav/iwslt2024_bho-hi-1730-20191110183655_23.wav	0	5.8
wav/iwslt2024_bho-hi-1730-20191110183655_24.wav	0	11.72
wav/iwslt2024_bho-hi-1730-20191110183655_25.wav	0	6.04
wav/iwslt2024_bho-hi-1730-20191110183655_26.wav	0	8.28
wav/iwslt2024_bho-hi-1730-20191110183655_27.wav	0	4.44
wav/iwslt2024_bho-hi-1730-20191110183655_28.wav	0	8.2
wav/iwslt2024_bho-hi-1730-20191110183655_29.wav	0	10.96
wav/iwslt2024_bho-hi-1730-20191110183655_30.wav	0	4.64
wav/iwslt2024_bho-hi-1730-20191110183655_31.wav	0	7.36
wav/iwslt2024_bho-hi-1730-20191110183655_32.wav	0	13
wav/iwslt2024_bho-hi-1730-20191113191313_1.wav	0	6.88
wav/iwslt2024_bho-hi-1730-20191113191313_2.wav	0	9.76
wav/iwslt2024_bho-hi-1730-20191113191313_3.wav	0	5
wav/iwslt2024_bho-hi-1730-20191113191313_4.wav	0	5.2
wav/iwslt2024_bho-hi-1730-20191113191313_5.wav	0	10.56
wav/iwslt2024_bho-hi-1730-20191113191313_6.wav	0	6.48
wav/iwslt2024_bho-hi-1730-20191113191313_7.wav	0	12.28
wav/iwslt2024_bho-hi-1730-20191113191313_8.wav	0	7.08
wav/iwslt2024_bho-hi-1730-20191113191313_9.wav	0	10.12
wav/iwslt2024_bho-hi-1730-20191113191313_10.wav	0	12.96
wav/iwslt2024_bho-hi-1730-20191113191313_11.wav	0	6.76
wav/iwslt2024_bho-hi-1730-20191113191313_12.wav	0	2.28
wav/iwslt2024_bho-hi-1730-20191113191313_13.wav	0	5.76
wav/iwslt2024_bho-hi-1730-20191113191313_14.wav	0	9.8
wav/iwslt2024_bho-hi-1730-20191113191313_15.wav	0	7.28
wav/iwslt2024_bho-hi-1730-20191113191313_16.wav	0	8.72
wav/iwslt2024_bho-hi-1730-20191113191313_17.wav	0	3.6
wav/iwslt2024_bho-hi-1730-20191113191313_18.wav	0	7.68
wav/iwslt2024_bho-hi-1730-20191113191313_19.wav	0	7.4
wav/iwslt2024_bho-hi-1730-20191113191313_20.wav	0	6.28
wav/iwslt2024_bho-hi-1730-20191113191313_21.wav	0	7.44
wav/iwslt2024_bho-hi-1730-20191113191313_22.wav	0	6.44
wav/iwslt2024_bho-hi-1730-20191113191313_23.wav	0	3.8
wav/iwslt2024_bho-hi-1730-20191113191313_24.wav	0	10.36
wav/iwslt2024_bho-hi-1730-20191113191313_25.wav	0	14.12
wav/iwslt2024_bho-hi-1730-20191113191313_28.wav	0	2.92
wav/iwslt2024_bho-hi-1730-20191113191313_29.wav	0	7.56
wav/iwslt2024_bho-hi-1730-20191113191313_30.wav	0	9.28
wav/iwslt2024_bho-hi-1730-20191113191313_31.wav	0	3.56
wav/iwslt2024_bho-hi-1730-20191113191313_32.wav	0	7.52
wav/iwslt2024_bho-hi-1730-20191113191313_33.wav	0	10.04
wav/iwslt2024_bho-hi-1730-20191113191313_34.wav	0	15
wav/iwslt2024_bho-hi-1730-20191113191313_35.wav	0	10.44
wav/iwslt2024_bho-hi-1730-20191114185550_1.wav	0	5.16
wav/iwslt2024_bho-hi-1730-20191114185550_2.wav	0	12.16
wav/iwslt2024_bho-hi-1730-20191114185550_3.wav	0	9.44
wav/iwslt2024_bho-hi-1730-20191114185550_4.wav	0	5
wav/iwslt2024_bho-hi-1730-20191114185550_5.wav	0	13.48
wav/iwslt2024_bho-hi-1730-20191114185550_6.wav	0	7.2
wav/iwslt2024_bho-hi-1730-20191114185550_7.wav	0	9.88
wav/iwslt2024_bho-hi-1730-20191114185550_8.wav	0	3.56
wav/iwslt2024_bho-hi-1730-20191114185550_9.wav	0	5.04
wav/iwslt2024_bho-hi-1730-20191114185550_11.wav	0	8.44
wav/iwslt2024_bho-hi-1730-20191114185550_12.wav	0	4.2
wav/iwslt2024_bho-hi-1730-20191114185550_13.wav	0	5.8
wav/iwslt2024_bho-hi-1730-20191114185550_14.wav	0	11.92
wav/iwslt2024_bho-hi-1730-20191114185550_15.wav	0	6.12
wav/iwslt2024_bho-hi-1730-20191114185550_16.wav	0	5.24
wav/iwslt2024_bho-hi-1730-20191114185550_17.wav	0	11.68
wav/iwslt2024_bho-hi-1730-20191114185550_18.wav	0	10.84
wav/iwslt2024_bho-hi-1730-20191114185550_19.wav	0	5.6
wav/iwslt2024_bho-hi-1730-20191114185550_20.wav	0	5.52
wav/iwslt2024_bho-hi-1730-20191114185550_21.wav	0	6.6
wav/iwslt2024_bho-hi-1730-20191114185550_22.wav	0	7.32
wav/iwslt2024_bho-hi-1730-20191114185550_23.wav	0	14.52
wav/iwslt2024_bho-hi-1730-20191114185550_24.wav	0	12.92
wav/iwslt2024_bho-hi-1730-20191114185550_25.wav	0	14.68
wav/iwslt2024_bho-hi-1730-20191114185550_26.wav	0	7.72
wav/iwslt2024_bho-hi-1730-20191114185550_27.wav	0	13.48
wav/iwslt2024_bho-hi-1730-20191114185550_28.wav	0	10.76
wav/iwslt2024_bho-hi-1730-20191114185550_29.wav	0	4.6
wav/iwslt2024_bho-hi-1730-20191114185550_30.wav	0	6.08
wav/iwslt2024_bho-hi-1730-20191114185550_31.wav	0	11.6
wav/iwslt2024_bho-hi-1730-20191115182316_3.wav	0	5.92
wav/iwslt2024_bho-hi-1730-20191115182316_4.wav	0	5.2
wav/iwslt2024_bho-hi-1730-20191115182316_5.wav	0	5.8
wav/iwslt2024_bho-hi-1730-20191115182316_6.wav	0	8.68
wav/iwslt2024_bho-hi-1730-20191115182316_7.wav	0	10.8
wav/iwslt2024_bho-hi-1730-20191115182316_8.wav	0	2.96
wav/iwslt2024_bho-hi-1730-20191115182316_9.wav	0	5.36
wav/iwslt2024_bho-hi-1730-20191115182316_10.wav	0	5.44
wav/iwslt2024_bho-hi-1730-20191115182316_11.wav	0	5.12
wav/iwslt2024_bho-hi-1730-20191115182316_12.wav	0	7.44
wav/iwslt2024_bho-hi-1730-20191115182316_13.wav	0	7.48
wav/iwslt2024_bho-hi-1730-20191115182316_14.wav	0	8.2
wav/iwslt2024_bho-hi-1730-20191115182316_15.wav	0	5.28
wav/iwslt2024_bho-hi-1730-20191115182316_17.wav	0	8.36
wav/iwslt2024_bho-hi-1730-20191115182316_18.wav	0	5.12
wav/iwslt2024_bho-hi-1730-20191115182316_19.wav	0	6.76
wav/iwslt2024_bho-hi-1730-20191115182316_20.wav	0	5.84
wav/iwslt2024_bho-hi-1730-20191115182316_21.wav	0	8.84
wav/iwslt2024_bho-hi-1730-20191115182316_22.wav	0	4.08
wav/iwslt2024_bho-hi-1730-20191115182316_23.wav	0	5.04
wav/iwslt2024_bho-hi-1730-20191115182316_24.wav	0	6.4
wav/iwslt2024_bho-hi-1730-20191115182316_25.wav	0	6.72
wav/iwslt2024_bho-hi-1730-20191115182316_26.wav	0	4.92
wav/iwslt2024_bho-hi-1730-20191115182316_27.wav	0	10.64
wav/iwslt2024_bho-hi-1730-20191115182316_28.wav	0	7.8
wav/iwslt2024_bho-hi-1730-20191115182316_30.wav	0	6.32
wav/iwslt2024_bho-hi-1730-20191115182316_31.wav	0	8.4
wav/iwslt2024_bho-hi-1730-20191115182316_32.wav	0	4.8
wav/iwslt2024_bho-hi-1730-20191115182316_33.wav	0	6.44
wav/iwslt2024_bho-hi-1730-20191115182316_34.wav	0	4.4
wav/iwslt2024_bho-hi-1730-20191115182316_35.wav	0	3.6
wav/iwslt2024_bho-hi-1730-20191115182316_36.wav	0	8.48
wav/iwslt2024_bho-hi-1730-20191115182316_37.wav	0	3.16
wav/iwslt2024_bho-hi-1730-20191115182316_38.wav	0	5.76
wav/iwslt2024_bho-hi-1730-20191115182316_39.wav	0	5.28
wav/iwslt2024_bho-hi-1730-20191115182316_40.wav	0	9.36
wav/iwslt2024_bho-hi-1730-20191115182316_41.wav	0	6.32
wav/iwslt2024_bho-hi-1730-20191116184414_1.wav	0	3.2
wav/iwslt2024_bho-hi-1730-20191116184414_2.wav	0	10.52
wav/iwslt2024_bho-hi-1730-20191116184414_3.wav	0	11.6
wav/iwslt2024_bho-hi-1730-20191116184414_4.wav	0	5.12
wav/iwslt2024_bho-hi-1730-20191116184414_5.wav	0	5.16
wav/iwslt2024_bho-hi-1730-20191116184414_7.wav	0	9.96
wav/iwslt2024_bho-hi-1730-20191116184414_8.wav	0	9.12
wav/iwslt2024_bho-hi-1730-20191116184414_9.wav	0	1.6
wav/iwslt2024_bho-hi-1730-20191116184414_10.wav	0	7.6
wav/iwslt2024_bho-hi-1730-20191116184414_11.wav	0	6.28
wav/iwslt2024_bho-hi-1730-20191116184414_12.wav	0	6.28
wav/iwslt2024_bho-hi-1730-20191116184414_13.wav	0	9.64
wav/iwslt2024_bho-hi-1730-20191116184414_14.wav	0	8.24
wav/iwslt2024_bho-hi-1730-20191116184414_15.wav	0	3.84
wav/iwslt2024_bho-hi-1730-20191116184414_16.wav	0	5.76
wav/iwslt2024_bho-hi-1730-20191116184414_18.wav	0	9.88
wav/iwslt2024_bho-hi-1730-20191116184414_19.wav	0	9.04
wav/iwslt2024_bho-hi-1730-20191116184414_20.wav	0	7.28
wav/iwslt2024_bho-hi-1730-20191116184414_21.wav	0	4
wav/iwslt2024_bho-hi-1730-20191116184414_22.wav	0	9.32
wav/iwslt2024_bho-hi-1730-20191116184414_24.wav	0	5.72
wav/iwslt2024_bho-hi-1730-20191116184414_25.wav	0	7.24
wav/iwslt2024_bho-hi-1730-20191116184414_26.wav	0	6.48
wav/iwslt2024_bho-hi-1730-20191116184414_27.wav	0	6.12
wav/iwslt2024_bho-hi-1730-20191116184414_28.wav	0	3.28
wav/iwslt2024_bho-hi-1730-20191116184414_29.wav	0	5.92
wav/iwslt2024_bho-hi-1730-20191116184414_30.wav	0	12
wav/iwslt2024_bho-hi-1730-20191116184414_31.wav	0	7.16
wav/iwslt2024_bho-hi-1730-20191116184414_32.wav	0	8.04
wav/iwslt2024_bho-hi-1730-20191116184414_33.wav	0	9.72
wav/iwslt2024_bho-hi-1730-20191116184414_34.wav	0	14.2
wav/iwslt2024_bho-hi-1730-20191116184414_35.wav	0	8.24
wav/iwslt2024_bho-hi-1730-20191118191720_1.wav	0	3.6
wav/iwslt2024_bho-hi-1730-20191118191720_3.wav	0	8
wav/iwslt2024_bho-hi-1730-20191118191720_4.wav	0	8.48
wav/iwslt2024_bho-hi-1730-20191118191720_7.wav	0	10.16
wav/iwslt2024_bho-hi-1730-20191118191720_8.wav	0	8.36
wav/iwslt2024_bho-hi-1730-20191118191720_9.wav	0	11.2
wav/iwslt2024_bho-hi-1730-20191118191720_10.wav	0	10.8
wav/iwslt2024_bho-hi-1730-20191118191720_11.wav	0	6.88
wav/iwslt2024_bho-hi-1730-20191118191720_12.wav	0	8.84
wav/iwslt2024_bho-hi-1730-20191118191720_13.wav	0	7.6
wav/iwslt2024_bho-hi-1730-20191118191720_14.wav	0	5.08
wav/iwslt2024_bho-hi-1730-20191118191720_15.wav	0	10.08
wav/iwslt2024_bho-hi-1730-20191118191720_16.wav	0	1.84
wav/iwslt2024_bho-hi-1730-20191118191720_19.wav	0	3.04
wav/iwslt2024_bho-hi-1730-20191118191720_20.wav	0	14.96
wav/iwslt2024_bho-hi-1730-20191118191720_21.wav	0	6.04
wav/iwslt2024_bho-hi-1730-20191118191720_22.wav	0	2.4
wav/iwslt2024_bho-hi-1730-20191118191720_23.wav	0	6.76
wav/iwslt2024_bho-hi-1730-20191118191720_24.wav	0	6.04
wav/iwslt2024_bho-hi-1730-20191118191720_25.wav	0	14.44
wav/iwslt2024_bho-hi-1730-20191118191720_26.wav	0	10.84
wav/iwslt2024_bho-hi-1730-20191118191720_27.wav	0	7.64
wav/iwslt2024_bho-hi-1730-20191118191720_28.wav	0	7.76
wav/iwslt2024_bho-hi-1730-20191118191720_29.wav	0	8.92
wav/iwslt2024_bho-hi-1730-20191118191720_30.wav	0	9.12
wav/iwslt2024_bho-hi-1730-20191118191720_31.wav	0	8.24
wav/iwslt2024_bho-hi-1730-20191118191720_32.wav	0	8.76
wav/iwslt2024_bho-hi-1730-20191118191720_33.wav	0	2.28
wav/iwslt2024_bho-hi-1730-20191118191720_34.wav	0	5.2
wav/iwslt2024_bho-hi-1730-20191118191720_35.wav	0	9.4
wav/iwslt2024_bho-hi-1730-20191120193131_1.wav	0	4.8
wav/iwslt2024_bho-hi-1730-20191120193131_4.wav	0	7.28
wav/iwslt2024_bho-hi-1730-20191120193131_5.wav	0	12.16
wav/iwslt2024_bho-hi-1730-20191120193131_6.wav	0	8
wav/iwslt2024_bho-hi-1730-20191120193131_8.wav	0	9.16
wav/iwslt2024_bho-hi-1730-20191120193131_9.wav	0	5.56
wav/iwslt2024_bho-hi-1730-20191120193131_10.wav	0	9
wav/iwslt2024_bho-hi-1730-20191120193131_12.wav	0	12.6
wav/iwslt2024_bho-hi-1730-20191120193131_13.wav	0	10.88
wav/iwslt2024_bho-hi-1730-20191120193131_14.wav	0	5.4
wav/iwslt2024_bho-hi-1730-20191120193131_15.wav	0	6.92
wav/iwslt2024_bho-hi-1730-20191120193131_17.wav	0	14.52
wav/iwslt2024_bho-hi-1730-20191120193131_18.wav	0	9.44
wav/iwslt2024_bho-hi-1730-20191120193131_19.wav	0	3.52
wav/iwslt2024_bho-hi-1730-20191120193131_21.wav	0	14.56
wav/iwslt2024_bho-hi-1730-20191120193131_22.wav	0	7
wav/iwslt2024_bho-hi-1730-20191120193131_23.wav	0	4.24
wav/iwslt2024_bho-hi-1730-20191120193131_24.wav	0	4.72
wav/iwslt2024_bho-hi-1730-20191120193131_25.wav	0	5.8
wav/iwslt2024_bho-hi-1730-20191120193131_26.wav	0	8.52
wav/iwslt2024_bho-hi-1730-20191120193131_27.wav	0	3.6
wav/iwslt2024_bho-hi-1730-20191120193131_28.wav	0	8.2
wav/iwslt2024_bho-hi-1730-20191121191525_1.wav	0	6.52
wav/iwslt2024_bho-hi-1730-20191121191525_2.wav	0	10.08
wav/iwslt2024_bho-hi-1730-20191121191525_3.wav	0	8.2
wav/iwslt2024_bho-hi-1730-20191121191525_4.wav	0	6.52
wav/iwslt2024_bho-hi-1730-20191121191525_5.wav	0	14.12
wav/iwslt2024_bho-hi-1730-20191121191525_7.wav	0	11.4
wav/iwslt2024_bho-hi-1730-20191121191525_8.wav	0	6.08
wav/iwslt2024_bho-hi-1730-20191121191525_9.wav	0	10.2
wav/iwslt2024_bho-hi-1730-20191121191525_10.wav	0	5.28
wav/iwslt2024_bho-hi-1730-20191121191525_11.wav	0	12.96
wav/iwslt2024_bho-hi-1730-20191121191525_13.wav	0	10.56
wav/iwslt2024_bho-hi-1730-20191121191525_14.wav	0	2.24
wav/iwslt2024_bho-hi-1730-20191121191525_15.wav	0	6.04
wav/iwslt2024_bho-hi-1730-20191121191525_16.wav	0	10.88
wav/iwslt2024_bho-hi-1730-20191121191525_17.wav	0	9.08
wav/iwslt2024_bho-hi-1730-20191121191525_18.wav	0	7.24
wav/iwslt2024_bho-hi-1730-20191121191525_19.wav	0	4.64
wav/iwslt2024_bho-hi-1730-20191121191525_20.wav	0	5
wav/iwslt2024_bho-hi-1730-20191121191525_21.wav	0	7.76
wav/iwslt2024_bho-hi-1730-20191121191525_23.wav	0	4.92
wav/iwslt2024_bho-hi-1730-20191121191525_24.wav	0	6.6
wav/iwslt2024_bho-hi-1730-20191121191525_25.wav	0	7.28
wav/iwslt2024_bho-hi-1730-20191121191525_26.wav	0	5.04
wav/iwslt2024_bho-hi-1730-20191121191525_27.wav	0	8.96
wav/iwslt2024_bho-hi-1730-20191122193217_2.wav	0	7.68
wav/iwslt2024_bho-hi-1730-20191122193217_3.wav	0	8.92
wav/iwslt2024_bho-hi-1730-20191122193217_4.wav	0	12.24
wav/iwslt2024_bho-hi-1730-20191122193217_5.wav	0	14.92
wav/iwslt2024_bho-hi-1730-20191122193217_6.wav	0	3.96
wav/iwslt2024_bho-hi-1730-20191122193217_7.wav	0	3.2
wav/iwslt2024_bho-hi-1730-20191122193217_8.wav	0	3.44
wav/iwslt2024_bho-hi-1730-20191122193217_9.wav	0	5.36
wav/iwslt2024_bho-hi-1730-20191122193217_10.wav	0	4.48
wav/iwslt2024_bho-hi-1730-20191122193217_11.wav	0	9.6
wav/iwslt2024_bho-hi-1730-20191122193217_12.wav	0	9.32
wav/iwslt2024_bho-hi-1730-20191122193217_13.wav	0	8.4
wav/iwslt2024_bho-hi-1730-20191122193217_14.wav	0	14.32
wav/iwslt2024_bho-hi-1730-20191122193217_15.wav	0	9.72
wav/iwslt2024_bho-hi-1730-20191122193217_16.wav	0	5.8
wav/iwslt2024_bho-hi-1730-20191122193217_17.wav	0	11.44
wav/iwslt2024_bho-hi-1730-20191122193217_18.wav	0	6.44
wav/iwslt2024_bho-hi-1730-20191122193217_19.wav	0	11.84
wav/iwslt2024_bho-hi-1730-20191122193217_20.wav	0	5.4
wav/iwslt2024_bho-hi-1730-20191122193217_21.wav	0	8.68
wav/iwslt2024_bho-hi-1730-20191122193217_22.wav	0	5.6
wav/iwslt2024_bho-hi-1730-20191122193217_23.wav	0	9.12
wav/iwslt2024_bho-hi-1730-20191122193217_24.wav	0	6.4
wav/iwslt2024_bho-hi-1730-20191122193217_25.wav	0	10.32
wav/iwslt2024_bho-hi-1730-20191122193217_26.wav	0	2.76
wav/iwslt2024_bho-hi-1730-20191122193217_27.wav	0	6.84
wav/iwslt2024_bho-hi-1730-20191122193217_28.wav	0	5.76
wav/iwslt2024_bho-hi-1730-20191122193217_30.wav	0	6.64
wav/iwslt2024_bho-hi-1730-20191122193217_31.wav	0	10.88
wav/iwslt2024_bho-hi-1730-20191123191740_1.wav	0	12.8
wav/iwslt2024_bho-hi-1730-20191123191740_2.wav	0	7.8
wav/iwslt2024_bho-hi-1730-20191123191740_3.wav	0	12.36
wav/iwslt2024_bho-hi-1730-20191123191740_4.wav	0	4.88
wav/iwslt2024_bho-hi-1730-20191123191740_5.wav	0	7
wav/iwslt2024_bho-hi-1730-20191123191740_6.wav	0	7.92
wav/iwslt2024_bho-hi-1730-20191123191740_7.wav	0	8.68
wav/iwslt2024_bho-hi-1730-20191123191740_8.wav	0	7.92
wav/iwslt2024_bho-hi-1730-20191123191740_9.wav	0	2.08
wav/iwslt2024_bho-hi-1730-20191123191740_10.wav	0	4.52
wav/iwslt2024_bho-hi-1730-20191123191740_11.wav	0	3.6
wav/iwslt2024_bho-hi-1730-20191123191740_12.wav	0	7.56
wav/iwslt2024_bho-hi-1730-20191123191740_13.wav	0	8.04
wav/iwslt2024_bho-hi-1730-20191123191740_14.wav	0	7.96
wav/iwslt2024_bho-hi-1730-20191123191740_15.wav	0	12.56
wav/iwslt2024_bho-hi-1730-20191123191740_16.wav	0	11.36
wav/iwslt2024_bho-hi-1730-20191123191740_17.wav	0	8.44
wav/iwslt2024_bho-hi-1730-20191123191740_18.wav	0	9.08
wav/iwslt2024_bho-hi-1730-20191123191740_19.wav	0	6.84
wav/iwslt2024_bho-hi-1730-20191123191740_20.wav	0	5.52
wav/iwslt2024_bho-hi-1730-20191123191740_21.wav	0	9.2
wav/iwslt2024_bho-hi-1730-20191123191740_22.wav	0	8.24
wav/iwslt2024_bho-hi-1730-20191123191740_23.wav	0	13.48
wav/iwslt2024_bho-hi-1730-20191123191740_24.wav	0	8.92
wav/iwslt2024_bho-hi-1730-20191123191740_25.wav	0	11
wav/iwslt2024_bho-hi-1730-20191123191740_26.wav	0	9.12
wav/iwslt2024_bho-hi-1730-20191123191740_27.wav	0	4.12
wav/iwslt2024_bho-hi-1730-20191123191740_28.wav	0	7.12
wav/iwslt2024_bho-hi-1730-20191123191740_29.wav	0	8.08
wav/iwslt2024_bho-hi-1730-20191123191740_31.wav	0	6.28
wav/iwslt2024_bho-hi-1730-20191123191740_32.wav	0	6.48
wav/iwslt2024_bho-hi-1730-20191123191740_33.wav	0	5.64
wav/iwslt2024_bho-hi-1730-20191123191740_34.wav	0	11.76
wav/iwslt2024_bho-hi-1730-20191124184625_1.wav	0	14.36
wav/iwslt2024_bho-hi-1730-20191124184625_2.wav	0	3.56
wav/iwslt2024_bho-hi-1730-20191124184625_3.wav	0	7.12
wav/iwslt2024_bho-hi-1730-20191124184625_4.wav	0	5.52
wav/iwslt2024_bho-hi-1730-20191124184625_5.wav	0	4.52
wav/iwslt2024_bho-hi-1730-20191124184625_6.wav	0	6.6
wav/iwslt2024_bho-hi-1730-20191124184625_7.wav	0	3.36
wav/iwslt2024_bho-hi-1730-20191124184625_8.wav	0	11.56
wav/iwslt2024_bho-hi-1730-20191124184625_9.wav	0	8.72
wav/iwslt2024_bho-hi-1730-20191124184625_10.wav	0	14
wav/iwslt2024_bho-hi-1730-20191124184625_12.wav	0	6.2
wav/iwslt2024_bho-hi-1730-20191124184625_13.wav	0	7.76
wav/iwslt2024_bho-hi-1730-20191124184625_14.wav	0	11.56
wav/iwslt2024_bho-hi-1730-20191124184625_15.wav	0	4.44
wav/iwslt2024_bho-hi-1730-20191124184625_16.wav	0	5.2
wav/iwslt2024_bho-hi-1730-20191124184625_17.wav	0	4.2
wav/iwslt2024_bho-hi-1730-20191124184625_19.wav	0	2.52
wav/iwslt2024_bho-hi-1730-20191124184625_20.wav	0	3.4
wav/iwslt2024_bho-hi-1730-20191124184625_21.wav	0	4.84
wav/iwslt2024_bho-hi-1730-20191124184625_22.wav	0	7
wav/iwslt2024_bho-hi-1730-20191124184625_23.wav	0	10.16
wav/iwslt2024_bho-hi-1730-20191124184625_24.wav	0	6.64
wav/iwslt2024_bho-hi-1730-20191124184625_25.wav	0	4.2
wav/iwslt2024_bho-hi-1730-20191124184625_26.wav	0	13.48
wav/iwslt2024_bho-hi-1730-20191124184625_27.wav	0	8.84
wav/iwslt2024_bho-hi-1730-20191124184625_28.wav	0	14.16
wav/iwslt2024_bho-hi-1730-20191124184625_29.wav	0	11.12
wav/iwslt2024_bho-hi-1730-20191124184625_30.wav	0	5.96
wav/iwslt2024_bho-hi-1730-20191124184625_31.wav	0	3.16
wav/iwslt2024_bho-hi-1730-20191124184625_32.wav	0	7.72
wav/iwslt2024_bho-hi-1730-20191124184625_33.wav	0	10.04
wav/iwslt2024_bho-hi-1730-20191126193311_1.wav	0	9.44
wav/iwslt2024_bho-hi-1730-20191126193311_2.wav	0	13.84
wav/iwslt2024_bho-hi-1730-20191126193311_3.wav	0	7.44
wav/iwslt2024_bho-hi-1730-20191126193311_4.wav	0	6.52
wav/iwslt2024_bho-hi-1730-20191126193311_5.wav	0	4.04
wav/iwslt2024_bho-hi-1730-20191126193311_6.wav	0	7.6
wav/iwslt2024_bho-hi-1730-20191126193311_9.wav	0	8.72
wav/iwslt2024_bho-hi-1730-20191126193311_10.wav	0	5.28
wav/iwslt2024_bho-hi-1730-20191126193311_11.wav	0	6.04
wav/iwslt2024_bho-hi-1730-20191126193311_12.wav	0	8.12
wav/iwslt2024_bho-hi-1730-20191126193311_13.wav	0	5.48
wav/iwslt2024_bho-hi-1730-20191126193311_14.wav	0	5.96
wav/iwslt2024_bho-hi-1730-20191126193311_15.wav	0	6.16
wav/iwslt2024_bho-hi-1730-20191126193311_16.wav	0	6.16
wav/iwslt2024_bho-hi-1730-20191126193311_18.wav	0	10.48
wav/iwslt2024_bho-hi-1730-20191126193311_19.wav	0	9.6
wav/iwslt2024_bho-hi-1730-20191126193311_20.wav	0	6.96
wav/iwslt2024_bho-hi-1730-20191126193311_21.wav	0	14.64
wav/iwslt2024_bho-hi-1730-20191126193311_22.wav	0	10.24
wav/iwslt2024_bho-hi-1730-20191126193311_23.wav	0	4.76
wav/iwslt2024_bho-hi-1730-20191126193311_24.wav	0	7.16
wav/iwslt2024_bho-hi-1730-20191126193311_25.wav	0	5.28
wav/iwslt2024_bho-hi-1730-20191126193311_26.wav	0	11.4
wav/iwslt2024_bho-hi-1730-20191126193311_27.wav	0	13.8
wav/iwslt2024_bho-hi-1730-20191126193311_28.wav	0	9.24
wav/iwslt2024_bho-hi-1730-20191126193311_29.wav	0	4.08
wav/iwslt2024_bho-hi-1730-20191126193311_30.wav	0	7.44
wav/iwslt2024_bho-hi-1730-20191126193311_31.wav	0	11.16
wav/iwslt2024_bho-hi-1730-20191127192815_1.wav	0	14.68
wav/iwslt2024_bho-hi-1730-20191127192815_2.wav	0	4.08
wav/iwslt2024_bho-hi-1730-20191127192815_3.wav	0	12.44
wav/iwslt2024_bho-hi-1730-20191127192815_4.wav	0	3.32
wav/iwslt2024_bho-hi-1730-20191127192815_5.wav	0	6.48
wav/iwslt2024_bho-hi-1730-20191127192815_6.wav	0	6.04
wav/iwslt2024_bho-hi-1730-20191127192815_7.wav	0	12.52
wav/iwslt2024_bho-hi-1730-20191127192815_8.wav	0	6.24
wav/iwslt2024_bho-hi-1730-20191127192815_10.wav	0	12.92
wav/iwslt2024_bho-hi-1730-20191127192815_11.wav	0	6.24
wav/iwslt2024_bho-hi-1730-20191127192815_12.wav	0	5.84
wav/iwslt2024_bho-hi-1730-20191127192815_13.wav	0	7.8
wav/iwslt2024_bho-hi-1730-20191127192815_14.wav	0	5.8
wav/iwslt2024_bho-hi-1730-20191127192815_15.wav	0	7.68
wav/iwslt2024_bho-hi-1730-20191127192815_16.wav	0	7.12
wav/iwslt2024_bho-hi-1730-20191127192815_17.wav	0	8.96
wav/iwslt2024_bho-hi-1730-20191127192815_18.wav	0	9.48
wav/iwslt2024_bho-hi-1730-20191127192815_19.wav	0	6.84
wav/iwslt2024_bho-hi-1730-20191127192815_20.wav	0	13.8
wav/iwslt2024_bho-hi-1730-20191127192815_21.wav	0	8.48
wav/iwslt2024_bho-hi-1730-20191127192815_22.wav	0	6.16
wav/iwslt2024_bho-hi-1730-20191127192815_23.wav	0	2.76
wav/iwslt2024_bho-hi-1730-20191127192815_24.wav	0	2.84
wav/iwslt2024_bho-hi-1730-20191127192815_25.wav	0	6.84
wav/iwslt2024_bho-hi-1730-20191127192815_26.wav	0	4.2
wav/iwslt2024_bho-hi-1730-20191127192815_27.wav	0	3.6
wav/iwslt2024_bho-hi-1730-20191127192815_28.wav	0	7.76
wav/iwslt2024_bho-hi-1730-20191127192815_29.wav	0	5.68
wav/iwslt2024_bho-hi-1730-20191127192815_30.wav	0	6.52
wav/iwslt2024_bho-hi-1730-20191127192815_31.wav	0	6.32
wav/iwslt2024_bho-hi-1730-20191127192815_32.wav	0	10.6
wav/iwslt2024_bho-hi-1730-20191127192815_33.wav	0	9.12
wav/iwslt2024_bho-hi-1730-20191129192644_1.wav	0	3.68
wav/iwslt2024_bho-hi-1730-20191129192644_2.wav	0	6.16
wav/iwslt2024_bho-hi-1730-20191129192644_3.wav	0	5.24
wav/iwslt2024_bho-hi-1730-20191129192644_4.wav	0	2.96
wav/iwslt2024_bho-hi-1730-20191129192644_5.wav	0	8.2
wav/iwslt2024_bho-hi-1730-20191129192644_6.wav	0	10
wav/iwslt2024_bho-hi-1730-20191129192644_7.wav	0	6.6
wav/iwslt2024_bho-hi-1730-20191129192644_8.wav	0	8.32
wav/iwslt2024_bho-hi-1730-20191129192644_10.wav	0	9.16
wav/iwslt2024_bho-hi-1730-20191129192644_11.wav	0	6
wav/iwslt2024_bho-hi-1730-20191129192644_12.wav	0	6.16
wav/iwslt2024_bho-hi-1730-20191129192644_13.wav	0	11.92
wav/iwslt2024_bho-hi-1730-20191129192644_15.wav	0	12.44
wav/iwslt2024_bho-hi-1730-20191129192644_16.wav	0	8.8
wav/iwslt2024_bho-hi-1730-20191129192644_17.wav	0	6.12
wav/iwslt2024_bho-hi-1730-20191129192644_18.wav	0	7.2
wav/iwslt2024_bho-hi-1730-20191129192644_19.wav	0	7.12
wav/iwslt2024_bho-hi-1730-20191129192644_20.wav	0	7.24
wav/iwslt2024_bho-hi-1730-20191129192644_21.wav	0	7.28
wav/iwslt2024_bho-hi-1730-20191129192644_22.wav	0	9.36
wav/iwslt2024_bho-hi-1730-20191129192644_23.wav	0	3.24
wav/iwslt2024_bho-hi-1730-20191129192644_24.wav	0	4
wav/iwslt2024_bho-hi-1730-20191129192644_25.wav	0	3.72
wav/iwslt2024_bho-hi-1730-20191129192644_26.wav	0	3.84
wav/iwslt2024_bho-hi-1730-20191129192644_27.wav	0	10.2
wav/iwslt2024_bho-hi-1730-20191129192644_28.wav	0	6.04
wav/iwslt2024_bho-hi-1730-20191129192644_29.wav	0	9.52
wav/iwslt2024_bho-hi-1730-20191129192644_30.wav	0	2.76
wav/iwslt2024_bho-hi-1730-20191129192644_31.wav	0	4.08
wav/iwslt2024_bho-hi-1730-20191129192644_32.wav	0	6.08
wav/iwslt2024_bho-hi-1730-20191129192644_33.wav	0	7.92
wav/iwslt2024_bho-hi-1730-20191129192644_34.wav	0	1.92
wav/iwslt2024_bho-hi-1730-20191210192534_1.wav	0	10.28
wav/iwslt2024_bho-hi-1730-20191210192534_2.wav	0	8.8
wav/iwslt2024_bho-hi-1730-20191210192534_4.wav	0	4.12
wav/iwslt2024_bho-hi-1730-20191210192534_5.wav	0	9.88
wav/iwslt2024_bho-hi-1730-20191210192534_6.wav	0	5.16
wav/iwslt2024_bho-hi-1730-20191210192534_7.wav	0	12.72
wav/iwslt2024_bho-hi-1730-20191210192534_8.wav	0	13.84
wav/iwslt2024_bho-hi-1730-20191210192534_9.wav	0	3.72
wav/iwslt2024_bho-hi-1730-20191210192534_10.wav	0	8.16
wav/iwslt2024_bho-hi-1730-20191210192534_11.wav	0	8.92
wav/iwslt2024_bho-hi-1730-20191210192534_12.wav	0	3.08
wav/iwslt2024_bho-hi-1730-20191210192534_13.wav	0	7.4
wav/iwslt2024_bho-hi-1730-20191210192534_14.wav	0	5.16
wav/iwslt2024_bho-hi-1730-20191210192534_15.wav	0	4.76
wav/iwslt2024_bho-hi-1730-20191210192534_16.wav	0	6.32
wav/iwslt2024_bho-hi-1730-20191210192534_17.wav	0	6.24
wav/iwslt2024_bho-hi-1730-20191210192534_18.wav	0	11.8
wav/iwslt2024_bho-hi-1730-20191210192534_19.wav	0	4.68
wav/iwslt2024_bho-hi-1730-20191210192534_21.wav	0	5.96
wav/iwslt2024_bho-hi-1730-20191210192534_23.wav	0	8.28
wav/iwslt2024_bho-hi-1730-20191210192534_24.wav	0	11.08
wav/iwslt2024_bho-hi-1730-20191210192534_25.wav	0	11.08
wav/iwslt2024_bho-hi-1730-20191210192534_26.wav	0	4.48
wav/iwslt2024_bho-hi-1730-20191210192534_27.wav	0	4.16
wav/iwslt2024_bho-hi-1730-20191210192534_28.wav	0	5.24
wav/iwslt2024_bho-hi-1730-20191210192534_29.wav	0	11.04
wav/iwslt2024_bho-hi-1730-20191210192534_30.wav	0	9.28
wav/iwslt2024_bho-hi-1730-20191210192534_31.wav	0	13.36
wav/iwslt2024_bho-hi-1730-20191211194114_1.wav	0	3.88
wav/iwslt2024_bho-hi-1730-20191211194114_2.wav	0	3.48
wav/iwslt2024_bho-hi-1730-20191211194114_3.wav	0	6.36
wav/iwslt2024_bho-hi-1730-20191211194114_4.wav	0	5.16
wav/iwslt2024_bho-hi-1730-20191211194114_5.wav	0	8.32
wav/iwslt2024_bho-hi-1730-20191211194114_6.wav	0	9.64
wav/iwslt2024_bho-hi-1730-20191211194114_7.wav	0	14.88
wav/iwslt2024_bho-hi-1730-20191211194114_8.wav	0	2.56
wav/iwslt2024_bho-hi-1730-20191211194114_10.wav	0	1.68
wav/iwslt2024_bho-hi-1730-20191211194114_12.wav	0	7.32
wav/iwslt2024_bho-hi-1730-20191211194114_13.wav	0	6.16
wav/iwslt2024_bho-hi-1730-20191211194114_14.wav	0	12.52
wav/iwslt2024_bho-hi-1730-20191211194114_15.wav	0	8.64
wav/iwslt2024_bho-hi-1730-20191211194114_16.wav	0	8.76
wav/iwslt2024_bho-hi-1730-20191211194114_17.wav	0	9.72
wav/iwslt2024_bho-hi-1730-20191211194114_18.wav	0	11.04
wav/iwslt2024_bho-hi-1730-20191211194114_19.wav	0	13.76
wav/iwslt2024_bho-hi-1730-20191211194114_20.wav	0	6.2
wav/iwslt2024_bho-hi-1730-20191211194114_21.wav	0	11.16
wav/iwslt2024_bho-hi-1730-20191211194114_22.wav	0	8.28
wav/iwslt2024_bho-hi-1730-20191211194114_23.wav	0	9.08
wav/iwslt2024_bho-hi-1730-20191211194114_24.wav	0	5.4
wav/iwslt2024_bho-hi-1730-20191211194114_25.wav	0	6.32
wav/iwslt2024_bho-hi-1730-20191211194114_26.wav	0	4.24
wav/iwslt2024_bho-hi-1730-20191211194114_27.wav	0	9.92
wav/iwslt2024_bho-hi-1730-20191211194114_28.wav	0	10.28
wav/iwslt2024_bho-hi-1730-20191211194114_29.wav	0	5.04
wav/iwslt2024_bho-hi-1730-20191211194114_30.wav	0	3.12
wav/iwslt2024_bho-hi-1730-20191211194114_31.wav	0	3.32
wav/iwslt2024_bho-hi-1730-20191211194114_32.wav	0	4.64
wav/iwslt2024_bho-hi-1730-20191211194114_33.wav	0	4.2
wav/iwslt2024_bho-hi-1730-20191211194114_34.wav	0	3.44
wav/iwslt2024_bho-hi-1730-20191211194114_35.wav	0	3.96
wav/iwslt2024_bho-hi-1730-20191211194114_36.wav	0	10
wav/iwslt2024_bho-hi-1730-20191212192940_1.wav	0	4.56
wav/iwslt2024_bho-hi-1730-20191212192940_2.wav	0	14.04
wav/iwslt2024_bho-hi-1730-20191212192940_3.wav	0	11.72
wav/iwslt2024_bho-hi-1730-20191212192940_4.wav	0	5.92
wav/iwslt2024_bho-hi-1730-20191212192940_5.wav	0	4.48
wav/iwslt2024_bho-hi-1730-20191212192940_6.wav	0	6.36
wav/iwslt2024_bho-hi-1730-20191212192940_7.wav	0	10.96
wav/iwslt2024_bho-hi-1730-20191212192940_8.wav	0	5.68
wav/iwslt2024_bho-hi-1730-20191212192940_9.wav	0	9.52
wav/iwslt2024_bho-hi-1730-20191212192940_11.wav	0	9.32
wav/iwslt2024_bho-hi-1730-20191212192940_12.wav	0	2
wav/iwslt2024_bho-hi-1730-20191212192940_13.wav	0	9.96
wav/iwslt2024_bho-hi-1730-20191212192940_15.wav	0	7.64
wav/iwslt2024_bho-hi-1730-20191212192940_16.wav	0	14.4
wav/iwslt2024_bho-hi-1730-20191212192940_17.wav	0	7.28
wav/iwslt2024_bho-hi-1730-20191212192940_18.wav	0	6
wav/iwslt2024_bho-hi-1730-20191212192940_19.wav	0	4.16
wav/iwslt2024_bho-hi-1730-20191212192940_20.wav	0	9
wav/iwslt2024_bho-hi-1730-20191212192940_21.wav	0	11
wav/iwslt2024_bho-hi-1730-20191212192940_22.wav	0	4.76
wav/iwslt2024_bho-hi-1730-20191212192940_23.wav	0	14.12
wav/iwslt2024_bho-hi-1730-20191212192940_25.wav	0	6.32
wav/iwslt2024_bho-hi-1730-20191212192940_26.wav	0	6.8
wav/iwslt2024_bho-hi-1730-20191212192940_27.wav	0	4.28
wav/iwslt2024_bho-hi-1730-20191212192940_28.wav	0	4.04
wav/iwslt2024_bho-hi-1730-20191212192940_31.wav	0	4.64
wav/iwslt2024_bho-hi-1730-20191213182915_1.wav	0	7.48
wav/iwslt2024_bho-hi-1730-20191213182915_2.wav	0	3.76
wav/iwslt2024_bho-hi-1730-20191213182915_3.wav	0	9.92
wav/iwslt2024_bho-hi-1730-20191213182915_4.wav	0	10.24
wav/iwslt2024_bho-hi-1730-20191213182915_5.wav	0	6.68
wav/iwslt2024_bho-hi-1730-20191213182915_6.wav	0	4.4
wav/iwslt2024_bho-hi-1730-20191213182915_7.wav	0	8.36
wav/iwslt2024_bho-hi-1730-20191213182915_8.wav	0	6.28
wav/iwslt2024_bho-hi-1730-20191213182915_10.wav	0	4.52
wav/iwslt2024_bho-hi-1730-20191213182915_11.wav	0	14.36
wav/iwslt2024_bho-hi-1730-20191213182915_12.wav	0	3.96
wav/iwslt2024_bho-hi-1730-20191213182915_13.wav	0	7.96
wav/iwslt2024_bho-hi-1730-20191213182915_14.wav	0	12.84
wav/iwslt2024_bho-hi-1730-20191213182915_15.wav	0	10.84
wav/iwslt2024_bho-hi-1730-20191213182915_16.wav	0	5.32
wav/iwslt2024_bho-hi-1730-20191213182915_17.wav	0	13.52
wav/iwslt2024_bho-hi-1730-20191213182915_18.wav	0	7.2
wav/iwslt2024_bho-hi-1730-20191213182915_19.wav	0	5.92
wav/iwslt2024_bho-hi-1730-20191213182915_20.wav	0	6.6
wav/iwslt2024_bho-hi-1730-20191213182915_21.wav	0	6.88
wav/iwslt2024_bho-hi-1730-20191213182915_22.wav	0	9.12
wav/iwslt2024_bho-hi-1730-20191213182915_23.wav	0	6.2
wav/iwslt2024_bho-hi-1730-20191213182915_24.wav	0	8.08
wav/iwslt2024_bho-hi-1730-20191213182915_25.wav	0	4.96
wav/iwslt2024_bho-hi-1730-20191213182915_26.wav	0	3.68
wav/iwslt2024_bho-hi-1730-20191213182915_27.wav	0	4.24
wav/iwslt2024_bho-hi-1730-20191213182915_28.wav	0	11.16
wav/iwslt2024_bho-hi-1730-20191213182915_29.wav	0	9.72
wav/iwslt2024_bho-hi-1730-20191213182915_30.wav	0	12.92
wav/iwslt2024_bho-hi-1730-20191213182915_31.wav	0	5.12
wav/iwslt2024_bho-hi-1730-20191213182915_32.wav	0	7.32
wav/iwslt2024_bho-hi-1730-20191213182915_33.wav	0	6.8
wav/iwslt2024_bho-hi-1730-20191213182915_34.wav	0	9.36
wav/iwslt2024_bho-hi-1730-20191213182915_35.wav	0	5.64
wav/iwslt2024_bho-hi-1730-20191214193717_2.wav	0	5.2
wav/iwslt2024_bho-hi-1730-20191214193717_3.wav	0	11.2
wav/iwslt2024_bho-hi-1730-20191214193717_4.wav	0	2.8
wav/iwslt2024_bho-hi-1730-20191214193717_7.wav	0	9.08
wav/iwslt2024_bho-hi-1730-20191214193717_8.wav	0	2.64
wav/iwslt2024_bho-hi-1730-20191214193717_9.wav	0	10.32
wav/iwslt2024_bho-hi-1730-20191214193717_10.wav	0	2.36
wav/iwslt2024_bho-hi-1730-20191214193717_11.wav	0	4.36
wav/iwslt2024_bho-hi-1730-20191214193717_12.wav	0	3.24
wav/iwslt2024_bho-hi-1730-20191214193717_13.wav	0	7.76
wav/iwslt2024_bho-hi-1730-20191214193717_14.wav	0	8.32
wav/iwslt2024_bho-hi-1730-20191214193717_17.wav	0	2.76
wav/iwslt2024_bho-hi-1730-20191214193717_19.wav	0	7.76
wav/iwslt2024_bho-hi-1730-20191214193717_20.wav	0	3.68
wav/iwslt2024_bho-hi-1730-20191214193717_21.wav	0	5.96
wav/iwslt2024_bho-hi-1730-20191214193717_22.wav	0	4.48
wav/iwslt2024_bho-hi-1730-20191214193717_23.wav	0	6.04
wav/iwslt2024_bho-hi-1730-20191214193717_24.wav	0	5
wav/iwslt2024_bho-hi-1730-20191214193717_26.wav	0	4.8
wav/iwslt2024_bho-hi-1730-20191214193717_27.wav	0	7.68
wav/iwslt2024_bho-hi-1730-20191214193717_28.wav	0	8.44
wav/iwslt2024_bho-hi-1730-20191214193717_29.wav	0	9.32
wav/iwslt2024_bho-hi-1730-20191214193717_30.wav	0	6.48
wav/iwslt2024_bho-hi-1730-20191214193717_31.wav	0	3.72
wav/iwslt2024_bho-hi-1730-20191214193717_32.wav	0	14.44
wav/iwslt2024_bho-hi-1730-20191216191755_1.wav	0	14.8
wav/iwslt2024_bho-hi-1730-20191216191755_2.wav	0	13
wav/iwslt2024_bho-hi-1730-20191216191755_3.wav	0	7.88
wav/iwslt2024_bho-hi-1730-20191216191755_4.wav	0	10.88
wav/iwslt2024_bho-hi-1730-20191216191755_5.wav	0	8.28
wav/iwslt2024_bho-hi-1730-20191216191755_6.wav	0	8.88
wav/iwslt2024_bho-hi-1730-20191216191755_7.wav	0	2.56
wav/iwslt2024_bho-hi-1730-20191216191755_9.wav	0	4.28
wav/iwslt2024_bho-hi-1730-20191216191755_10.wav	0	8.16
wav/iwslt2024_bho-hi-1730-20191216191755_11.wav	0	4.72
wav/iwslt2024_bho-hi-1730-20191216191755_12.wav	0	2.8
wav/iwslt2024_bho-hi-1730-20191216191755_13.wav	0	5.52
wav/iwslt2024_bho-hi-1730-20191216191755_14.wav	0	7.36
wav/iwslt2024_bho-hi-1730-20191216191755_15.wav	0	5.4
wav/iwslt2024_bho-hi-1730-20191216191755_16.wav	0	4.88
wav/iwslt2024_bho-hi-1730-20191216191755_17.wav	0	5.12
wav/iwslt2024_bho-hi-1730-20191216191755_18.wav	0	10.28
wav/iwslt2024_bho-hi-1730-20191216191755_19.wav	0	8.8
wav/iwslt2024_bho-hi-1730-20191216191755_20.wav	0	6.4
wav/iwslt2024_bho-hi-1730-20191216191755_21.wav	0	4.88
wav/iwslt2024_bho-hi-1730-20191216191755_22.wav	0	11.08
wav/iwslt2024_bho-hi-1730-20191216191755_23.wav	0	4.56
wav/iwslt2024_bho-hi-1730-20191216191755_24.wav	0	7.44
wav/iwslt2024_bho-hi-1730-20191216191755_25.wav	0	8.68
wav/iwslt2024_bho-hi-1730-20191216191755_26.wav	0	8.68
wav/iwslt2024_bho-hi-1730-20191216191755_27.wav	0	12.8
wav/iwslt2024_bho-hi-1730-20191216191755_28.wav	0	8.56
wav/iwslt2024_bho-hi-1730-20191216191755_29.wav	0	8.88
wav/iwslt2024_bho-hi-1730-20191216191755_30.wav	0	6.04
wav/iwslt2024_bho-hi-1730-20191216191755_31.wav	0	13.72
wav/iwslt2024_bho-hi-1730-20191217182853_1.wav	0	5.52
wav/iwslt2024_bho-hi-1730-20191217182853_2.wav	0	8.24
wav/iwslt2024_bho-hi-1730-20191217182853_4.wav	0	9.12
wav/iwslt2024_bho-hi-1730-20191217182853_5.wav	0	5.6
wav/iwslt2024_bho-hi-1730-20191217182853_6.wav	0	14.6
wav/iwslt2024_bho-hi-1730-20191217182853_7.wav	0	4.8
wav/iwslt2024_bho-hi-1730-20191217182853_8.wav	0	9.12
wav/iwslt2024_bho-hi-1730-20191217182853_9.wav	0	12.6
wav/iwslt2024_bho-hi-1730-20191217182853_10.wav	0	10.04
wav/iwslt2024_bho-hi-1730-20191217182853_11.wav	0	5.68
wav/iwslt2024_bho-hi-1730-20191217182853_12.wav	0	4.04
wav/iwslt2024_bho-hi-1730-20191217182853_13.wav	0	7.48
wav/iwslt2024_bho-hi-1730-20191217182853_14.wav	0	6.44
wav/iwslt2024_bho-hi-1730-20191217182853_15.wav	0	12.28
wav/iwslt2024_bho-hi-1730-20191217182853_16.wav	0	5.28
wav/iwslt2024_bho-hi-1730-20191217182853_17.wav	0	14.8
wav/iwslt2024_bho-hi-1730-20191217182853_18.wav	0	5.44
wav/iwslt2024_bho-hi-1730-20191217182853_19.wav	0	8.4
wav/iwslt2024_bho-hi-1730-20191217182853_20.wav	0	4.44
wav/iwslt2024_bho-hi-1730-20191217182853_21.wav	0	9.6
wav/iwslt2024_bho-hi-1730-20191217182853_22.wav	0	9.04
wav/iwslt2024_bho-hi-1730-20191217182853_23.wav	0	10.16
wav/iwslt2024_bho-hi-1730-20191217182853_24.wav	0	10.08
wav/iwslt2024_bho-hi-1730-20191217182853_25.wav	0	14.6
wav/iwslt2024_bho-hi-1730-20191217182853_26.wav	0	9.04
wav/iwslt2024_bho-hi-1730-20191217182853_27.wav	0	8
wav/iwslt2024_bho-hi-1730-20191217182853_28.wav	0	10.64
wav/iwslt2024_bho-hi-1730-20191218183215_1.wav	0	9.96
wav/iwslt2024_bho-hi-1730-20191218183215_2.wav	0	4.08
wav/iwslt2024_bho-hi-1730-20191218183215_3.wav	0	7.28
wav/iwslt2024_bho-hi-1730-20191218183215_4.wav	0	6.44
wav/iwslt2024_bho-hi-1730-20191218183215_5.wav	0	8.04
wav/iwslt2024_bho-hi-1730-20191218183215_6.wav	0	4.04
wav/iwslt2024_bho-hi-1730-20191218183215_7.wav	0	7.6
wav/iwslt2024_bho-hi-1730-20191218183215_8.wav	0	7.92
wav/iwslt2024_bho-hi-1730-20191218183215_9.wav	0	3.16
wav/iwslt2024_bho-hi-1730-20191218183215_10.wav	0	3.36
wav/iwslt2024_bho-hi-1730-20191218183215_11.wav	0	6.24
wav/iwslt2024_bho-hi-1730-20191218183215_12.wav	0	3.88
wav/iwslt2024_bho-hi-1730-20191218183215_13.wav	0	3.4
wav/iwslt2024_bho-hi-1730-20191218183215_14.wav	0	7.48
wav/iwslt2024_bho-hi-1730-20191218183215_15.wav	0	11.68
wav/iwslt2024_bho-hi-1730-20191218183215_16.wav	0	5.64
wav/iwslt2024_bho-hi-1730-20191218183215_17.wav	0	4.08
wav/iwslt2024_bho-hi-1730-20191218183215_18.wav	0	6.48
wav/iwslt2024_bho-hi-1730-20191218183215_19.wav	0	6.68
wav/iwslt2024_bho-hi-1730-20191218183215_20.wav	0	7.08
wav/iwslt2024_bho-hi-1730-20191218183215_21.wav	0	10.56
wav/iwslt2024_bho-hi-1730-20191218183215_22.wav	0	8.56
wav/iwslt2024_bho-hi-1730-20191218183215_23.wav	0	10.08
wav/iwslt2024_bho-hi-1730-20191218183215_24.wav	0	6.36
wav/iwslt2024_bho-hi-1730-20191218183215_25.wav	0	10.28
wav/iwslt2024_bho-hi-1730-20191218183215_26.wav	0	9.72
wav/iwslt2024_bho-hi-1730-20191218183215_28.wav	0	6.4
wav/iwslt2024_bho-hi-1730-20191218183215_29.wav	0	4.28
wav/iwslt2024_bho-hi-1730-20191218183215_30.wav	0	3.24
wav/iwslt2024_bho-hi-1730-20191218183215_31.wav	0	6.28
wav/iwslt2024_bho-hi-1730-20191218183215_32.wav	0	5.2
wav/iwslt2024_bho-hi-1730-20191218183215_33.wav	0	9.28
wav/iwslt2024_bho-hi-1730-20191218183215_34.wav	0	8.8
wav/iwslt2024_bho-hi-1730-20191218183215_35.wav	0	10.04
wav/iwslt2024_bho-hi-1730-20191219192335_1.wav	0	12.72
wav/iwslt2024_bho-hi-1730-20191219192335_2.wav	0	7.6
wav/iwslt2024_bho-hi-1730-20191219192335_3.wav	0	8
wav/iwslt2024_bho-hi-1730-20191219192335_4.wav	0	7.88
wav/iwslt2024_bho-hi-1730-20191219192335_5.wav	0	9.96
wav/iwslt2024_bho-hi-1730-20191219192335_6.wav	0	10.8
wav/iwslt2024_bho-hi-1730-20191219192335_7.wav	0	9.72
wav/iwslt2024_bho-hi-1730-20191219192335_9.wav	0	5.12
wav/iwslt2024_bho-hi-1730-20191219192335_10.wav	0	5.4
wav/iwslt2024_bho-hi-1730-20191219192335_11.wav	0	5.88
wav/iwslt2024_bho-hi-1730-20191219192335_12.wav	0	10.52
wav/iwslt2024_bho-hi-1730-20191219192335_13.wav	0	9.92
wav/iwslt2024_bho-hi-1730-20191219192335_14.wav	0	11.6
wav/iwslt2024_bho-hi-1730-20191219192335_15.wav	0	4.2
wav/iwslt2024_bho-hi-1730-20191219192335_16.wav	0	2.2
wav/iwslt2024_bho-hi-1730-20191219192335_17.wav	0	3.64
wav/iwslt2024_bho-hi-1730-20191219192335_18.wav	0	4.36
wav/iwslt2024_bho-hi-1730-20191219192335_19.wav	0	13.68
wav/iwslt2024_bho-hi-1730-20191219192335_20.wav	0	5.76
wav/iwslt2024_bho-hi-1730-20191219192335_21.wav	0	3.88
wav/iwslt2024_bho-hi-1730-20191219192335_22.wav	0	6
wav/iwslt2024_bho-hi-1730-20191219192335_23.wav	0	5.36
wav/iwslt2024_bho-hi-1730-20191219192335_24.wav	0	9.32
wav/iwslt2024_bho-hi-1730-20191219192335_25.wav	0	9.44
wav/iwslt2024_bho-hi-1730-20191219192335_26.wav	0	9.48
wav/iwslt2024_bho-hi-1730-20191219192335_27.wav	0	8.76
wav/iwslt2024_bho-hi-1730-20191219192335_28.wav	0	4.84
wav/iwslt2024_bho-hi-1730-20191219192335_29.wav	0	11.04
wav/iwslt2024_bho-hi-1730-20191219192335_30.wav	0	12.56
wav/iwslt2024_bho-hi-1730-20191219192335_31.wav	0	10.04
wav/iwslt2024_bho-hi-1730-20191220182227_1.wav	0	12.72
wav/iwslt2024_bho-hi-1730-20191220182227_4.wav	0	6.64
wav/iwslt2024_bho-hi-1730-20191220182227_5.wav	0	7.96
wav/iwslt2024_bho-hi-1730-20191220182227_6.wav	0	6.04
wav/iwslt2024_bho-hi-1730-20191220182227_7.wav	0	5.44
wav/iwslt2024_bho-hi-1730-20191220182227_8.wav	0	14.16
wav/iwslt2024_bho-hi-1730-20191220182227_9.wav	0	10.16
wav/iwslt2024_bho-hi-1730-20191220182227_10.wav	0	10.16
wav/iwslt2024_bho-hi-1730-20191220182227_11.wav	0	4.84
wav/iwslt2024_bho-hi-1730-20191220182227_13.wav	0	5.8
wav/iwslt2024_bho-hi-1730-20191220182227_14.wav	0	2.88
wav/iwslt2024_bho-hi-1730-20191220182227_15.wav	0	5.76
wav/iwslt2024_bho-hi-1730-20191220182227_16.wav	0	8.56
wav/iwslt2024_bho-hi-1730-20191220182227_17.wav	0	7.52
wav/iwslt2024_bho-hi-1730-20191220182227_18.wav	0	5.12
wav/iwslt2024_bho-hi-1730-20191220182227_19.wav	0	9
wav/iwslt2024_bho-hi-1730-20191220182227_20.wav	0	6.64
wav/iwslt2024_bho-hi-1730-20191220182227_21.wav	0	3.84
wav/iwslt2024_bho-hi-1730-20191220182227_22.wav	0	9.64
wav/iwslt2024_bho-hi-1730-20191220182227_23.wav	0	3
wav/iwslt2024_bho-hi-1730-20191220182227_24.wav	0	5.88
wav/iwslt2024_bho-hi-1730-20191220182227_25.wav	0	10
wav/iwslt2024_bho-hi-1730-20191220182227_26.wav	0	9.84
wav/iwslt2024_bho-hi-1730-20191220182227_27.wav	0	6.16
wav/iwslt2024_bho-hi-1730-20191220182227_29.wav	0	10.28
wav/iwslt2024_bho-hi-1730-20191220182227_30.wav	0	13.24
wav/iwslt2024_bho-hi-1730-20191220182227_31.wav	0	6.88
wav/iwslt2024_bho-hi-1730-20191222182638_1.wav	0	12.2
wav/iwslt2024_bho-hi-1730-20191222182638_3.wav	0	2.6
wav/iwslt2024_bho-hi-1730-20191222182638_4.wav	0	4.04
wav/iwslt2024_bho-hi-1730-20191222182638_6.wav	0	8.28
wav/iwslt2024_bho-hi-1730-20191222182638_7.wav	0	12.4
wav/iwslt2024_bho-hi-1730-20191222182638_8.wav	0	4.76
wav/iwslt2024_bho-hi-1730-20191222182638_9.wav	0	10.2
wav/iwslt2024_bho-hi-1730-20191222182638_10.wav	0	5.12
wav/iwslt2024_bho-hi-1730-20191222182638_11.wav	0	7.08
wav/iwslt2024_bho-hi-1730-20191222182638_12.wav	0	8.68
wav/iwslt2024_bho-hi-1730-20191222182638_13.wav	0	8.04
wav/iwslt2024_bho-hi-1730-20191222182638_14.wav	0	5.24
wav/iwslt2024_bho-hi-1730-20191222182638_15.wav	0	7.36
wav/iwslt2024_bho-hi-1730-20191222182638_16.wav	0	10.28
wav/iwslt2024_bho-hi-1730-20191222182638_17.wav	0	8.16
wav/iwslt2024_bho-hi-1730-20191222182638_18.wav	0	7.16
wav/iwslt2024_bho-hi-1730-20191222182638_19.wav	0	3.96
wav/iwslt2024_bho-hi-1730-20191222182638_20.wav	0	4.72
wav/iwslt2024_bho-hi-1730-20191222182638_21.wav	0	5.6
wav/iwslt2024_bho-hi-1730-20191222182638_22.wav	0	5.8
wav/iwslt2024_bho-hi-1730-20191222182638_23.wav	0	3.08
wav/iwslt2024_bho-hi-1730-20191222182638_24.wav	0	5.4
wav/iwslt2024_bho-hi-1730-20191222182638_25.wav	0	10
wav/iwslt2024_bho-hi-1730-20191222182638_26.wav	0	13.16
wav/iwslt2024_bho-hi-1730-20191222182638_27.wav	0	5.28
wav/iwslt2024_bho-hi-1730-20191222182638_28.wav	0	7.44
wav/iwslt2024_bho-hi-1730-20191222182638_29.wav	0	13.32
wav/iwslt2024_bho-hi-1730-20191222182638_30.wav	0	6.28
wav/iwslt2024_bho-hi-1730-20191222182638_31.wav	0	6
wav/iwslt2024_bho-hi-1730-20191222182638_32.wav	0	4.16
wav/iwslt2024_bho-hi-1730-20191222182638_33.wav	0	6.32
wav/iwslt2024_bho-hi-1730-20191222182638_34.wav	0	4.44
wav/iwslt2024_bho-hi-1730-20191222182638_35.wav	0	10.04
wav/iwslt2024_bho-hi-1730-20191223183554_1.wav	0	9.12
wav/iwslt2024_bho-hi-1730-20191223183554_2.wav	0	11.28
wav/iwslt2024_bho-hi-1730-20191223183554_3.wav	0	8.52
wav/iwslt2024_bho-hi-1730-20191223183554_4.wav	0	3.64
wav/iwslt2024_bho-hi-1730-20191223183554_5.wav	0	13.36
wav/iwslt2024_bho-hi-1730-20191223183554_6.wav	0	6.28
wav/iwslt2024_bho-hi-1730-20191223183554_7.wav	0	13.04
wav/iwslt2024_bho-hi-1730-20191223183554_8.wav	0	6.12
wav/iwslt2024_bho-hi-1730-20191223183554_11.wav	0	1.76
wav/iwslt2024_bho-hi-1730-20191223183554_12.wav	0	9.04
wav/iwslt2024_bho-hi-1730-20191223183554_13.wav	0	10.92
wav/iwslt2024_bho-hi-1730-20191223183554_14.wav	0	13.88
wav/iwslt2024_bho-hi-1730-20191223183554_15.wav	0	12
wav/iwslt2024_bho-hi-1730-20191223183554_16.wav	0	7.28
wav/iwslt2024_bho-hi-1730-20191223183554_17.wav	0	3.68
wav/iwslt2024_bho-hi-1730-20191223183554_18.wav	0	13.12
wav/iwslt2024_bho-hi-1730-20191223183554_21.wav	0	12.28
wav/iwslt2024_bho-hi-1730-20191223183554_24.wav	0	2.24
wav/iwslt2024_bho-hi-1730-20191223183554_26.wav	0	4.12
wav/iwslt2024_bho-hi-1730-20191223183554_27.wav	0	8.44
wav/iwslt2024_bho-hi-1730-20191223183554_28.wav	0	4.6
wav/iwslt2024_bho-hi-1730-20191223183554_29.wav	0	10.2
wav/iwslt2024_bho-hi-1730-20191223183554_30.wav	0	8.2
wav/iwslt2024_bho-hi-1730-20191224182250_1.wav	0	10.68
wav/iwslt2024_bho-hi-1730-20191224182250_2.wav	0	8.24
wav/iwslt2024_bho-hi-1730-20191224182250_7.wav	0	3.92
wav/iwslt2024_bho-hi-1730-20191224182250_8.wav	0	5.76
wav/iwslt2024_bho-hi-1730-20191224182250_9.wav	0	9.52
wav/iwslt2024_bho-hi-1730-20191224182250_10.wav	0	6.72
wav/iwslt2024_bho-hi-1730-20191224182250_12.wav	0	11.8
wav/iwslt2024_bho-hi-1730-20191224182250_13.wav	0	8.2
wav/iwslt2024_bho-hi-1730-20191224182250_14.wav	0	4.04
wav/iwslt2024_bho-hi-1730-20191224182250_15.wav	0	7.16
wav/iwslt2024_bho-hi-1730-20191224182250_17.wav	0	7.16
wav/iwslt2024_bho-hi-1730-20191224182250_18.wav	0	6.32
wav/iwslt2024_bho-hi-1730-20191224182250_19.wav	0	8.16
wav/iwslt2024_bho-hi-1730-20191224182250_20.wav	0	13.56
wav/iwslt2024_bho-hi-1730-20191224182250_24.wav	0	6.08
wav/iwslt2024_bho-hi-1730-20191224182250_25.wav	0	5.64
wav/iwslt2024_bho-hi-1730-20191224182250_26.wav	0	10.96
wav/iwslt2024_bho-hi-1730-20191224182250_27.wav	0	10.44
wav/iwslt2024_bho-hi-1730-20191224182250_28.wav	0	13.48
wav/iwslt2024_bho-hi-1730-20191224182250_29.wav	0	12.92
wav/iwslt2024_bho-hi-1730-20191225192718_1.wav	0	2.72
wav/iwslt2024_bho-hi-1730-20191225192718_2.wav	0	9.28
wav/iwslt2024_bho-hi-1730-20191225192718_3.wav	0	13.28
wav/iwslt2024_bho-hi-1730-20191225192718_4.wav	0	6.08
wav/iwslt2024_bho-hi-1730-20191225192718_5.wav	0	5.96
wav/iwslt2024_bho-hi-1730-20191225192718_6.wav	0	9.48
wav/iwslt2024_bho-hi-1730-20191225192718_7.wav	0	12.88
wav/iwslt2024_bho-hi-1730-20191225192718_8.wav	0	5.84
wav/iwslt2024_bho-hi-1730-20191225192718_9.wav	0	3.88
wav/iwslt2024_bho-hi-1730-20191225192718_10.wav	0	6.08
wav/iwslt2024_bho-hi-1730-20191225192718_11.wav	0	6.32
wav/iwslt2024_bho-hi-1730-20191225192718_12.wav	0	12.52
wav/iwslt2024_bho-hi-1730-20191225192718_13.wav	0	8.64
wav/iwslt2024_bho-hi-1730-20191225192718_14.wav	0	6.96
wav/iwslt2024_bho-hi-1730-20191225192718_15.wav	0	7.44
wav/iwslt2024_bho-hi-1730-20191225192718_16.wav	0	7.64
wav/iwslt2024_bho-hi-1730-20191225192718_17.wav	0	6.88
wav/iwslt2024_bho-hi-1730-20191225192718_18.wav	0	6.68
wav/iwslt2024_bho-hi-1730-20191225192718_19.wav	0	2.56
wav/iwslt2024_bho-hi-1730-20191225192718_20.wav	0	6.28
wav/iwslt2024_bho-hi-1730-20191225192718_21.wav	0	6.08
wav/iwslt2024_bho-hi-1730-20191225192718_22.wav	0	7.52
wav/iwslt2024_bho-hi-1730-20191225192718_24.wav	0	1.76
wav/iwslt2024_bho-hi-1730-20191225192718_26.wav	0	6.2
wav/iwslt2024_bho-hi-1730-20191225192718_27.wav	0	4.96
wav/iwslt2024_bho-hi-1730-20191225192718_28.wav	0	9.4
wav/iwslt2024_bho-hi-1730-20191225192718_29.wav	0	2.28
wav/iwslt2024_bho-hi-1730-20191225192718_30.wav	0	11.76
wav/iwslt2024_bho-hi-1730-20191225192718_31.wav	0	3.04
wav/iwslt2024_bho-hi-1730-20191225192718_32.wav	0	6.56
wav/iwslt2024_bho-hi-1730-20191225192718_33.wav	0	7.32
wav/iwslt2024_bho-hi-1730-20191225192718_34.wav	0	4
wav/iwslt2024_bho-hi-1730-20191225192718_35.wav	0	8.32
wav/iwslt2024_bho-hi-1730-20191225192718_36.wav	0	5.32
wav/iwslt2024_bho-hi-1730-20191226183746_1.wav	0	12.04
wav/iwslt2024_bho-hi-1730-20191226183746_3.wav	0	5.72
wav/iwslt2024_bho-hi-1730-20191226183746_4.wav	0	7.08
wav/iwslt2024_bho-hi-1730-20191226183746_5.wav	0	8.2
wav/iwslt2024_bho-hi-1730-20191226183746_6.wav	0	9.4
wav/iwslt2024_bho-hi-1730-20191226183746_7.wav	0	6.76
wav/iwslt2024_bho-hi-1730-20191226183746_8.wav	0	8.64
wav/iwslt2024_bho-hi-1730-20191226183746_9.wav	0	7.64
wav/iwslt2024_bho-hi-1730-20191226183746_11.wav	0	7.04
wav/iwslt2024_bho-hi-1730-20191226183746_12.wav	0	13.44
wav/iwslt2024_bho-hi-1730-20191226183746_14.wav	0	13.64
wav/iwslt2024_bho-hi-1730-20191226183746_18.wav	0	5.52
wav/iwslt2024_bho-hi-1730-20191226183746_19.wav	0	4.48
wav/iwslt2024_bho-hi-1730-20191226183746_20.wav	0	9.6
wav/iwslt2024_bho-hi-1730-20191226183746_21.wav	0	7.28
wav/iwslt2024_bho-hi-1730-20191226183746_22.wav	0	12.72
wav/iwslt2024_bho-hi-1730-20191226183746_23.wav	0	5
wav/iwslt2024_bho-hi-1730-20191226183746_24.wav	0	1.56
wav/iwslt2024_bho-hi-1730-20191226183746_25.wav	0	9.84
wav/iwslt2024_bho-hi-1730-20191226183746_26.wav	0	9.36
wav/iwslt2024_bho-hi-1730-20191226183746_27.wav	0	6.36
wav/iwslt2024_bho-hi-1730-20191226183746_28.wav	0	7.88
wav/iwslt2024_bho-hi-1730-20191226183746_29.wav	0	7.2
wav/iwslt2024_bho-hi-1730-20191228194035_1.wav	0	11.36
wav/iwslt2024_bho-hi-1730-20191228194035_2.wav	0	14.44
wav/iwslt2024_bho-hi-1730-20191228194035_3.wav	0	7.68
wav/iwslt2024_bho-hi-1730-20191228194035_4.wav	0	6.64
wav/iwslt2024_bho-hi-1730-20191228194035_5.wav	0	12.96
wav/iwslt2024_bho-hi-1730-20191228194035_6.wav	0	14.16
wav/iwslt2024_bho-hi-1730-20191228194035_7.wav	0	7.96
wav/iwslt2024_bho-hi-1730-20191228194035_8.wav	0	9.32
wav/iwslt2024_bho-hi-1730-20191228194035_9.wav	0	7.36
wav/iwslt2024_bho-hi-1730-20191228194035_10.wav	0	3.24
wav/iwslt2024_bho-hi-1730-20191228194035_11.wav	0	4.4
wav/iwslt2024_bho-hi-1730-20191228194035_12.wav	0	13.6
wav/iwslt2024_bho-hi-1730-20191228194035_13.wav	0	7.8
wav/iwslt2024_bho-hi-1730-20191228194035_14.wav	0	5.16
wav/iwslt2024_bho-hi-1730-20191228194035_15.wav	0	6.32
wav/iwslt2024_bho-hi-1730-20191228194035_18.wav	0	7.84
wav/iwslt2024_bho-hi-1730-20191228194035_19.wav	0	12.36
wav/iwslt2024_bho-hi-1730-20191228194035_20.wav	0	6.08
wav/iwslt2024_bho-hi-1730-20191228194035_21.wav	0	9
wav/iwslt2024_bho-hi-1730-20191228194035_22.wav	0	4.56
wav/iwslt2024_bho-hi-1730-20191228194035_23.wav	0	6
wav/iwslt2024_bho-hi-1730-20191228194035_24.wav	0	6.2
wav/iwslt2024_bho-hi-1730-20191228194035_25.wav	0	9.4
wav/iwslt2024_bho-hi-1730-20191228194035_26.wav	0	4.76
wav/iwslt2024_bho-hi-1730-20191228194035_27.wav	0	4.44
wav/iwslt2024_bho-hi-1730-20191228194035_28.wav	0	7.28
wav/iwslt2024_bho-hi-1730-20191228194035_29.wav	0	13.04
wav/iwslt2024_bho-hi-1730-20191229183558_1.wav	0	14.4
wav/iwslt2024_bho-hi-1730-20191229183558_2.wav	0	6.64
wav/iwslt2024_bho-hi-1730-20191229183558_3.wav	0	6.84
wav/iwslt2024_bho-hi-1730-20191229183558_4.wav	0	7.48
wav/iwslt2024_bho-hi-1730-20191229183558_5.wav	0	8
wav/iwslt2024_bho-hi-1730-20191229183558_6.wav	0	7.04
wav/iwslt2024_bho-hi-1730-20191229183558_8.wav	0	5.84
wav/iwslt2024_bho-hi-1730-20191229183558_9.wav	0	10.68
wav/iwslt2024_bho-hi-1730-20191229183558_10.wav	0	5.28
wav/iwslt2024_bho-hi-1730-20191229183558_12.wav	0	11.72
wav/iwslt2024_bho-hi-1730-20191229183558_14.wav	0	7.84
wav/iwslt2024_bho-hi-1730-20191229183558_15.wav	0	13.48
wav/iwslt2024_bho-hi-1730-20191229183558_16.wav	0	6.72
wav/iwslt2024_bho-hi-1730-20191229183558_18.wav	0	9.88
wav/iwslt2024_bho-hi-1730-20191229183558_19.wav	0	3.36
wav/iwslt2024_bho-hi-1730-20191229183558_20.wav	0	5
wav/iwslt2024_bho-hi-1730-20191229183558_21.wav	0	5.8
wav/iwslt2024_bho-hi-1730-20191229183558_23.wav	0	7.04
wav/iwslt2024_bho-hi-1730-20191230192152_2.wav	0	5.84
wav/iwslt2024_bho-hi-1730-20191230192152_4.wav	0	6.44
wav/iwslt2024_bho-hi-1730-20191230192152_5.wav	0	6
wav/iwslt2024_bho-hi-1730-20191230192152_6.wav	0	7.8
wav/iwslt2024_bho-hi-1730-20191230192152_8.wav	0	8.24
wav/iwslt2024_bho-hi-1730-20191230192152_9.wav	0	5.08
wav/iwslt2024_bho-hi-1730-20191230192152_10.wav	0	4.04
wav/iwslt2024_bho-hi-1730-20191230192152_11.wav	0	8.72
wav/iwslt2024_bho-hi-1730-20191230192152_12.wav	0	4.72
wav/iwslt2024_bho-hi-1730-20191230192152_13.wav	0	6.48
wav/iwslt2024_bho-hi-1730-20191230192152_14.wav	0	7.2
wav/iwslt2024_bho-hi-1730-20191230192152_15.wav	0	9.04
wav/iwslt2024_bho-hi-1730-20191230192152_16.wav	0	8.04
wav/iwslt2024_bho-hi-1730-20191230192152_17.wav	0	10.08
wav/iwslt2024_bho-hi-1730-20191230192152_18.wav	0	12
wav/iwslt2024_bho-hi-1730-20191230192152_19.wav	0	10.2
wav/iwslt2024_bho-hi-1730-20191230192152_20.wav	0	4.04
wav/iwslt2024_bho-hi-1730-20191230192152_22.wav	0	4.08
wav/iwslt2024_bho-hi-1730-20191230192152_23.wav	0	4.48
wav/iwslt2024_bho-hi-1730-20191230192152_25.wav	0	12.8
wav/iwslt2024_bho-hi-1730-20191230192152_26.wav	0	11.88
wav/iwslt2024_bho-hi-1730-20191230192152_27.wav	0	7.6
wav/iwslt2024_bho-hi-1730-20191230192152_28.wav	0	5.72
wav/iwslt2024_bho-hi-1730-20191230192152_29.wav	0	13
wav/iwslt2024_bho-hi-1730-20191231192251_1.wav	0	9.96
wav/iwslt2024_bho-hi-1730-20191231192251_2.wav	0	10.44
wav/iwslt2024_bho-hi-1730-20191231192251_3.wav	0	4.56
wav/iwslt2024_bho-hi-1730-20191231192251_4.wav	0	7.48
wav/iwslt2024_bho-hi-1730-20191231192251_5.wav	0	2.88
wav/iwslt2024_bho-hi-1730-20191231192251_6.wav	0	5.16
wav/iwslt2024_bho-hi-1730-20191231192251_7.wav	0	8.12
wav/iwslt2024_bho-hi-1730-20191231192251_8.wav	0	6.96
wav/iwslt2024_bho-hi-1730-20191231192251_9.wav	0	14.24
wav/iwslt2024_bho-hi-1730-20191231192251_11.wav	0	3.16
wav/iwslt2024_bho-hi-1730-20191231192251_12.wav	0	7.32
wav/iwslt2024_bho-hi-1730-20191231192251_13.wav	0	9.68
wav/iwslt2024_bho-hi-1730-20191231192251_14.wav	0	3.16
wav/iwslt2024_bho-hi-1730-20191231192251_16.wav	0	13.32
wav/iwslt2024_bho-hi-1730-20191231192251_18.wav	0	7.48
wav/iwslt2024_bho-hi-1730-20191231192251_19.wav	0	6.08
wav/iwslt2024_bho-hi-1730-20191231192251_20.wav	0	13.76
wav/iwslt2024_bho-hi-1730-20191231192251_21.wav	0	8.52
wav/iwslt2024_bho-hi-1730-20191231192251_22.wav	0	9.48
wav/iwslt2024_bho-hi-1730-20191231192251_23.wav	0	5.64
wav/iwslt2024_bho-hi-1730-20191231192251_24.wav	0	5.96
wav/iwslt2024_bho-hi-1730-20191231192251_25.wav	0	3.84
wav/iwslt2024_bho-hi-1730-20191231192251_26.wav	0	4.24
wav/iwslt2024_bho-hi-1730-20191231192251_27.wav	0	8.24
wav/iwslt2024_bho-hi-1730-20191231192251_28.wav	0	2.48
wav/iwslt2024_bho-hi-1730-20191231192251_29.wav	0	4.52
wav/iwslt2024_bho-hi-1730-20191231192251_30.wav	0	3.24
wav/iwslt2024_bho-hi-1730-20191231192251_31.wav	0	5.44
wav/iwslt2024_bho-hi-1730-20191231192251_32.wav	0	9